ua_name,ua_code,year,ghg_emission
adur,e07000223,2005,359.37823109199996
adur,e07000223,2006,352.849588401
adur,e07000223,2007,345.559291765
adur,e07000223,2008,335.025143108
adur,e07000223,2009,308.330852251
adur,e07000223,2010,322.586484204
adur,e07000223,2011,291.723256962
adur,e07000223,2012,300.161072221
adur,e07000223,2013,287.96328537
adur,e07000223,2014,261.39537092300003
adur,e07000223,2015,271.309892999
adur,e07000223,2016,258.442586466
adur,e07000223,2017,249.592863442
adur,e07000223,2018,238.525044442
adur,e07000223,2019,228.661091142
adur,e07000223,2020,199.116084593
adur,e07000223,2021,204.369114162
adur,e07000223,2022,197.586648359
amber valley,e07000032,2005,1032.166602429
amber valley,e07000032,2006,1013.619736957
amber valley,e07000032,2007,957.111474296
amber valley,e07000032,2008,942.085031275
amber valley,e07000032,2009,869.884401622
amber valley,e07000032,2010,912.805749601
amber valley,e07000032,2011,842.843733978
amber valley,e07000032,2012,890.602108539
amber valley,e07000032,2013,883.885621176
amber valley,e07000032,2014,791.188125841
amber valley,e07000032,2015,746.630252938
amber valley,e07000032,2016,711.376418786
amber valley,e07000032,2017,685.402815607
amber valley,e07000032,2018,692.006515012
amber valley,e07000032,2019,661.017828159
amber valley,e07000032,2020,600.1223779540001
amber valley,e07000032,2021,659.758822676
amber valley,e07000032,2022,611.824049255
arun,e07000224,2005,869.23831754
arun,e07000224,2006,857.210824181
arun,e07000224,2007,834.072529248
arun,e07000224,2008,811.874320245
arun,e07000224,2009,749.274129162
arun,e07000224,2010,790.736138519
arun,e07000224,2011,712.63185457
arun,e07000224,2012,764.2246642709999
arun,e07000224,2013,736.466921192
arun,e07000224,2014,664.681583443
arun,e07000224,2015,639.247630509
arun,e07000224,2016,619.976512962
arun,e07000224,2017,613.773673991
arun,e07000224,2018,588.303677019
arun,e07000224,2019,556.690658486
arun,e07000224,2020,504.423678301
arun,e07000224,2021,521.768011656
arun,e07000224,2022,481.49888911
ashfield,e07000170,2005,785.02579659
ashfield,e07000170,2006,783.809750843
ashfield,e07000170,2007,771.274498444
ashfield,e07000170,2008,766.777669745
ashfield,e07000170,2009,695.7248682000001
ashfield,e07000170,2010,733.262168023
ashfield,e07000170,2011,659.171381385
ashfield,e07000170,2012,690.914684163
ashfield,e07000170,2013,687.151716274
ashfield,e07000170,2014,626.60250379
ashfield,e07000170,2015,604.1283098050001
ashfield,e07000170,2016,556.921930014
ashfield,e07000170,2017,531.924167699
ashfield,e07000170,2018,530.879887464
ashfield,e07000170,2019,512.062013248
ashfield,e07000170,2020,472.761468208
ashfield,e07000170,2021,509.640837385
ashfield,e07000170,2022,479.00131818799997
ashford,e07000105,2005,759.572025104
ashford,e07000105,2006,761.8086068060001
ashford,e07000105,2007,781.548616434
ashford,e07000105,2008,756.701836179
ashford,e07000105,2009,697.933922909
ashford,e07000105,2010,729.365036765
ashford,e07000105,2011,655.584890658
ashford,e07000105,2012,686.460870926
ashford,e07000105,2013,674.542186693
ashford,e07000105,2014,615.526386453
ashford,e07000105,2015,594.832567154
ashford,e07000105,2016,562.112244919
ashford,e07000105,2017,548.4044266020001
ashford,e07000105,2018,540.315543231
ashford,e07000105,2019,511.93868913800003
ashford,e07000105,2020,464.789146615
ashford,e07000105,2021,492.383152039
ashford,e07000105,2022,472.837326009
babergh,e07000200,2005,692.555352867
babergh,e07000200,2006,701.655913928
babergh,e07000200,2007,675.7044937430001
babergh,e07000200,2008,685.849648284
babergh,e07000200,2009,614.252400209
babergh,e07000200,2010,657.415234915
babergh,e07000200,2011,593.09128909
babergh,e07000200,2012,621.8262528280001
babergh,e07000200,2013,609.941322023
babergh,e07000200,2014,572.659017138
babergh,e07000200,2015,547.253285956
babergh,e07000200,2016,531.356065612
babergh,e07000200,2017,534.874063253
babergh,e07000200,2018,531.865293702
babergh,e07000200,2019,501.420099585
babergh,e07000200,2020,450.627111417
babergh,e07000200,2021,477.120886739
babergh,e07000200,2022,446.995430592
barking and dagenham,e09000002,2005,901.382898782
barking and dagenham,e09000002,2006,906.785106528
barking and dagenham,e09000002,2007,889.1553867920001
barking and dagenham,e09000002,2008,847.9355614790001
barking and dagenham,e09000002,2009,776.8276330699999
barking and dagenham,e09000002,2010,845.368110003
barking and dagenham,e09000002,2011,774.452060288
barking and dagenham,e09000002,2012,801.224513357
barking and dagenham,e09000002,2013,767.686035754
barking and dagenham,e09000002,2014,686.371494123
barking and dagenham,e09000002,2015,653.481834074
barking and dagenham,e09000002,2016,606.474340624
barking and dagenham,e09000002,2017,576.708335747
barking and dagenham,e09000002,2018,565.254371398
barking and dagenham,e09000002,2019,535.47972878
barking and dagenham,e09000002,2020,484.727828547
barking and dagenham,e09000002,2021,498.722209122
barking and dagenham,e09000002,2022,473.054584207
barnet,e09000003,2005,1771.203398066
barnet,e09000003,2006,1773.7910551979999
barnet,e09000003,2007,1715.1843341869999
barnet,e09000003,2008,1706.295568196
barnet,e09000003,2009,1570.297022529
barnet,e09000003,2010,1711.071984583
barnet,e09000003,2011,1546.1598322510001
barnet,e09000003,2012,1625.767943497
barnet,e09000003,2013,1595.478395777
barnet,e09000003,2014,1423.904487695
barnet,e09000003,2015,1372.509624276
barnet,e09000003,2016,1303.877303749
barnet,e09000003,2017,1246.353863742
barnet,e09000003,2018,1243.178507785
barnet,e09000003,2019,1181.980898413
barnet,e09000003,2020,1093.758492953
barnet,e09000003,2021,1120.534712786
barnet,e09000003,2022,1027.885686458
barnsley,e08000016,2005,1573.271042743
barnsley,e08000016,2006,1613.6420910479999
barnsley,e08000016,2007,1478.895075277
barnsley,e08000016,2008,1469.663408171
barnsley,e08000016,2009,1321.481915081
barnsley,e08000016,2010,1403.703560024
barnsley,e08000016,2011,1266.865455828
barnsley,e08000016,2012,1371.274507004
barnsley,e08000016,2013,1384.206989518
barnsley,e08000016,2014,1236.024797834
barnsley,e08000016,2015,1200.7037066789999
barnsley,e08000016,2016,1151.010213307
barnsley,e08000016,2017,1107.389484073
barnsley,e08000016,2018,1125.442320574
barnsley,e08000016,2019,1080.349478548
barnsley,e08000016,2020,983.214283153
barnsley,e08000016,2021,1040.312675485
barnsley,e08000016,2022,955.115454352
basildon,e07000066,2005,1180.258139956
basildon,e07000066,2006,1173.673887861
basildon,e07000066,2007,1182.139814618
basildon,e07000066,2008,1125.676288671
basildon,e07000066,2009,1010.116110629
basildon,e07000066,2010,1068.587232662
basildon,e07000066,2011,961.289311452
basildon,e07000066,2012,1028.373746499
basildon,e07000066,2013,985.1527873489999
basildon,e07000066,2014,889.682150974
basildon,e07000066,2015,846.649725574
basildon,e07000066,2016,813.1277752029999
basildon,e07000066,2017,786.890575086
basildon,e07000066,2018,770.978250261
basildon,e07000066,2019,745.014072408
basildon,e07000066,2020,688.760071925
basildon,e07000066,2021,693.760710688
basildon,e07000066,2022,653.58644827
basingstoke and deane,e07000084,2005,1300.243992735
basingstoke and deane,e07000084,2006,1293.687885632
basingstoke and deane,e07000084,2007,1275.674451684
basingstoke and deane,e07000084,2008,1272.369805149
basingstoke and deane,e07000084,2009,1173.004631555
basingstoke and deane,e07000084,2010,1224.556280598
basingstoke and deane,e07000084,2011,1138.182098923
basingstoke and deane,e07000084,2012,1161.235932513
basingstoke and deane,e07000084,2013,1109.037864643
basingstoke and deane,e07000084,2014,1025.8756528239999
basingstoke and deane,e07000084,2015,989.479799246
basingstoke and deane,e07000084,2016,951.230527063
basingstoke and deane,e07000084,2017,886.4509899
basingstoke and deane,e07000084,2018,896.410096022
basingstoke and deane,e07000084,2019,854.09928889
basingstoke and deane,e07000084,2020,754.363752674
basingstoke and deane,e07000084,2021,792.480402068
basingstoke and deane,e07000084,2022,726.829397807
bassetlaw,e07000171,2005,1114.030927618
bassetlaw,e07000171,2006,1025.649696369
bassetlaw,e07000171,2007,952.787793411
bassetlaw,e07000171,2008,939.7572617349999
bassetlaw,e07000171,2009,849.713566307
bassetlaw,e07000171,2010,880.848152137
bassetlaw,e07000171,2011,813.4498683200001
bassetlaw,e07000171,2012,872.174063785
bassetlaw,e07000171,2013,855.954408359
bassetlaw,e07000171,2014,796.401874398
bassetlaw,e07000171,2015,782.853365162
bassetlaw,e07000171,2016,758.487229637
bassetlaw,e07000171,2017,741.23230005999994
bassetlaw,e07000171,2018,734.405609756
bassetlaw,e07000171,2019,706.048742009
bassetlaw,e07000171,2020,634.398031719
bassetlaw,e07000171,2021,697.050948902
bassetlaw,e07000171,2022,656.165690215
bath and north east somerset,e06000022,2005,1101.567404003
bath and north east somerset,e06000022,2006,1070.613630062
bath and north east somerset,e06000022,2007,1048.591720172
bath and north east somerset,e06000022,2008,1030.149358481
bath and north east somerset,e06000022,2009,950.688111469
bath and north east somerset,e06000022,2010,971.857736317
bath and north east somerset,e06000022,2011,885.293470572
bath and north east somerset,e06000022,2012,929.846026213
bath and north east somerset,e06000022,2013,900.483369803
bath and north east somerset,e06000022,2014,812.546965981
bath and north east somerset,e06000022,2015,788.3953098650001
bath and north east somerset,e06000022,2016,757.4096264469999
bath and north east somerset,e06000022,2017,725.839290826
bath and north east somerset,e06000022,2018,714.843539344
bath and north east somerset,e06000022,2019,680.855557793
bath and north east somerset,e06000022,2020,600.529243653
bath and north east somerset,e06000022,2021,653.279763203
bath and north east somerset,e06000022,2022,611.726703859
bedford,e06000055,2005,1030.0927622
bedford,e06000055,2006,1023.668817009
bedford,e06000055,2007,1002.30254651
bedford,e06000055,2008,1011.372242498
bedford,e06000055,2009,928.42103135
bedford,e06000055,2010,996.987425401
bedford,e06000055,2011,891.324854702
bedford,e06000055,2012,962.675238013
bedford,e06000055,2013,968.613979752
bedford,e06000055,2014,882.891280676
bedford,e06000055,2015,837.970627183
bedford,e06000055,2016,811.015099843
bedford,e06000055,2017,794.569126455
bedford,e06000055,2018,772.802995773
bedford,e06000055,2019,730.068391611
bedford,e06000055,2020,662.9899111459999
bedford,e06000055,2021,712.565069956
bedford,e06000055,2022,676.594757888
bexley,e09000004,2005,1270.761583457
bexley,e09000004,2006,1259.919515441
bexley,e09000004,2007,1209.080792154
bexley,e09000004,2008,1188.740235103
bexley,e09000004,2009,1083.4438404950001
bexley,e09000004,2010,1176.01685114
bexley,e09000004,2011,1068.2542651429999
bexley,e09000004,2012,1130.0236890639999
bexley,e09000004,2013,1100.993346805
bexley,e09000004,2014,993.60106321
bexley,e09000004,2015,954.625112204
bexley,e09000004,2016,916.192993664
bexley,e09000004,2017,879.9680975690001
bexley,e09000004,2018,824.283554808
bexley,e09000004,2019,822.608286907
bexley,e09000004,2020,747.431074291
bexley,e09000004,2021,779.079126581
bexley,e09000004,2022,721.854975345
birmingham,e08000025,2005,6747.463043778
birmingham,e08000025,2006,6628.41127074
birmingham,e08000025,2007,6433.380874395
birmingham,e08000025,2008,6368.220196365
birmingham,e08000025,2009,5696.498086166
birmingham,e08000025,2010,5930.583182028
birmingham,e08000025,2011,5397.152848636
birmingham,e08000025,2012,5683.372605125
birmingham,e08000025,2013,5527.3723853169995
birmingham,e08000025,2014,4885.105978196
birmingham,e08000025,2015,4772.314421975
birmingham,e08000025,2016,4468.573430012
birmingham,e08000025,2017,4250.107547775
birmingham,e08000025,2018,4171.3638152290005
birmingham,e08000025,2019,3966.417067618
birmingham,e08000025,2020,3525.478545352
birmingham,e08000025,2021,3767.754880895
birmingham,e08000025,2022,3553.1762899
blaby,e07000129,2005,569.876187952
blaby,e07000129,2006,569.5646272719999
blaby,e07000129,2007,555.717679706
blaby,e07000129,2008,555.902801366
blaby,e07000129,2009,506.643722056
blaby,e07000129,2010,532.789354006
blaby,e07000129,2011,489.267062241
blaby,e07000129,2012,515.486113932
blaby,e07000129,2013,510.251119526
blaby,e07000129,2014,461.697536368
blaby,e07000129,2015,444.235735089
blaby,e07000129,2016,405.801361327
blaby,e07000129,2017,401.681160895
blaby,e07000129,2018,396.448372676
blaby,e07000129,2019,381.078670906
blaby,e07000129,2020,350.187541032
blaby,e07000129,2021,382.556005695
blaby,e07000129,2022,365.289408205
blackburn with darwen,e06000008,2005,1042.340962158
blackburn with darwen,e06000008,2006,1018.457033542
blackburn with darwen,e06000008,2007,977.816003504
blackburn with darwen,e06000008,2008,947.572624982
blackburn with darwen,e06000008,2009,834.030894856
blackburn with darwen,e06000008,2010,905.1692441619999
blackburn with darwen,e06000008,2011,792.307327372
blackburn with darwen,e06000008,2012,796.012350293
blackburn with darwen,e06000008,2013,780.878647452
blackburn with darwen,e06000008,2014,693.378391601
blackburn with darwen,e06000008,2015,660.394313077
blackburn with darwen,e06000008,2016,614.095754766
blackburn with darwen,e06000008,2017,615.396587632
blackburn with darwen,e06000008,2018,597.138509087
blackburn with darwen,e06000008,2019,569.694076883
blackburn with darwen,e06000008,2020,518.358717126
blackburn with darwen,e06000008,2021,539.483690235
blackburn with darwen,e06000008,2022,479.351500074
blackpool,e06000009,2005,871.785588928
blackpool,e06000009,2006,858.256344796
blackpool,e06000009,2007,825.765808685
blackpool,e06000009,2008,814.657359398
blackpool,e06000009,2009,732.716321364
blackpool,e06000009,2010,765.280053585
blackpool,e06000009,2011,681.449943167
blackpool,e06000009,2012,730.6077187230001
blackpool,e06000009,2013,696.011208231
blackpool,e06000009,2014,612.2497825300001
blackpool,e06000009,2015,594.110858002
blackpool,e06000009,2016,547.94952683
blackpool,e06000009,2017,527.406675507
blackpool,e06000009,2018,529.043253467
blackpool,e06000009,2019,519.165125279
blackpool,e06000009,2020,458.407162024
blackpool,e06000009,2021,484.131062916
blackpool,e06000009,2022,442.16169013900003
bolsover,e07000033,2005,502.191727253
bolsover,e07000033,2006,505.600246058
bolsover,e07000033,2007,487.06678841
bolsover,e07000033,2008,482.745955046
bolsover,e07000033,2009,428.360941157
bolsover,e07000033,2010,464.232009705
bolsover,e07000033,2011,424.830938828
bolsover,e07000033,2012,441.686462109
bolsover,e07000033,2013,453.42338516899997
bolsover,e07000033,2014,411.510487084
bolsover,e07000033,2015,403.569589876
bolsover,e07000033,2016,379.539298298
bolsover,e07000033,2017,376.185540298
bolsover,e07000033,2018,375.77577335300003
bolsover,e07000033,2019,350.194323882
bolsover,e07000033,2020,331.334266431
bolsover,e07000033,2021,354.422738456
bolsover,e07000033,2022,328.178530316
bolton,e08000001,2005,1732.720472003
bolton,e08000001,2006,1703.735201602
bolton,e08000001,2007,1649.677679612
bolton,e08000001,2008,1601.90216945
bolton,e08000001,2009,1445.446575884
bolton,e08000001,2010,1518.164815477
bolton,e08000001,2011,1359.924168542
bolton,e08000001,2012,1451.129020899
bolton,e08000001,2013,1409.254721963
bolton,e08000001,2014,1272.351394972
bolton,e08000001,2015,1237.826664833
bolton,e08000001,2016,1160.488098493
bolton,e08000001,2017,1129.743174153
bolton,e08000001,2018,1128.102534585
bolton,e08000001,2019,1086.011294339
bolton,e08000001,2020,979.590260991
bolton,e08000001,2021,1004.975227816
bolton,e08000001,2022,927.6073154300001
boston,e07000136,2005,473.168933
boston,e07000136,2006,473.116782735
boston,e07000136,2007,467.121112619
boston,e07000136,2008,446.58335155599997
boston,e07000136,2009,425.2428136
boston,e07000136,2010,442.004984714
boston,e07000136,2011,400.229688665
boston,e07000136,2012,414.283804252
boston,e07000136,2013,398.54467856
boston,e07000136,2014,362.979077761
boston,e07000136,2015,360.35835752500003
boston,e07000136,2016,329.74014385
boston,e07000136,2017,330.74684291
boston,e07000136,2018,324.915549213
boston,e07000136,2019,307.452234101
boston,e07000136,2020,280.588107216
boston,e07000136,2021,301.036754241
boston,e07000136,2022,292.058989621
"bournemouth, christchurch and poole",e06000058,2005,2253.118413525
"bournemouth, christchurch and poole",e06000058,2006,2231.577540975
"bournemouth, christchurch and poole",e06000058,2007,2185.567740679
"bournemouth, christchurch and poole",e06000058,2008,2167.87540823
"bournemouth, christchurch and poole",e06000058,2009,1980.455432319
"bournemouth, christchurch and poole",e06000058,2010,2044.942918814
"bournemouth, christchurch and poole",e06000058,2011,1849.256046044
"bournemouth, christchurch and poole",e06000058,2012,1947.1463152899998
"bournemouth, christchurch and poole",e06000058,2013,1862.372140925
"bournemouth, christchurch and poole",e06000058,2014,1659.93048242
"bournemouth, christchurch and poole",e06000058,2015,1571.377517936
"bournemouth, christchurch and poole",e06000058,2016,1487.583363043
"bournemouth, christchurch and poole",e06000058,2017,1416.963674093
"bournemouth, christchurch and poole",e06000058,2018,1373.592866506
"bournemouth, christchurch and poole",e06000058,2019,1342.804194333
"bournemouth, christchurch and poole",e06000058,2020,1177.304142497
"bournemouth, christchurch and poole",e06000058,2021,1272.898394031
"bournemouth, christchurch and poole",e06000058,2022,1185.6927811599999
bracknell forest,e06000036,2005,757.659773281
bracknell forest,e06000036,2006,756.95000081
bracknell forest,e06000036,2007,745.286861695
bracknell forest,e06000036,2008,734.035988138
bracknell forest,e06000036,2009,656.944646683
bracknell forest,e06000036,2010,665.107921965
bracknell forest,e06000036,2011,602.691913055
bracknell forest,e06000036,2012,636.638626262
bracknell forest,e06000036,2013,620.23145715
bracknell forest,e06000036,2014,546.978036526
bracknell forest,e06000036,2015,514.012376971
bracknell forest,e06000036,2016,485.201405691
bracknell forest,e06000036,2017,462.915318689
bracknell forest,e06000036,2018,464.030098752
bracknell forest,e06000036,2019,440.237752881
bracknell forest,e06000036,2020,398.804757654
bracknell forest,e06000036,2021,420.02292259
bracknell forest,e06000036,2022,386.117048076
bradford,e08000032,2005,3248.392522169
bradford,e08000032,2006,3189.534257576
bradford,e08000032,2007,3143.128809073
bradford,e08000032,2008,3038.702219564
bradford,e08000032,2009,2784.71652727
bradford,e08000032,2010,2951.427228298
bradford,e08000032,2011,2694.1000704909998
bradford,e08000032,2012,2819.897924863
bradford,e08000032,2013,2761.704399603
bradford,e08000032,2014,2453.792637638
bradford,e08000032,2015,2395.9937516620002
bradford,e08000032,2016,2260.0272084060002
bradford,e08000032,2017,2194.379449627
bradford,e08000032,2018,2177.6337500130003
bradford,e08000032,2019,2097.406042753
bradford,e08000032,2020,1870.0394960190001
bradford,e08000032,2021,1975.9267032120001
bradford,e08000032,2022,1774.772282494
braintree,e07000067,2005,1026.284650743
braintree,e07000067,2006,1011.291347594
braintree,e07000067,2007,994.6183128700001
braintree,e07000067,2008,976.077553399
braintree,e07000067,2009,911.092623696
braintree,e07000067,2010,940.9979821750001
braintree,e07000067,2011,863.549050669
braintree,e07000067,2012,903.561125922
braintree,e07000067,2013,871.742251152
braintree,e07000067,2014,812.17632155
braintree,e07000067,2015,793.067254775
braintree,e07000067,2016,756.266514936
braintree,e07000067,2017,730.148210119
braintree,e07000067,2018,719.267142633
braintree,e07000067,2019,698.957427283
braintree,e07000067,2020,635.15452391
braintree,e07000067,2021,673.226995786
braintree,e07000067,2022,655.0260201899999
breckland,e07000143,2005,1083.187598829
breckland,e07000143,2006,1080.35954626
breckland,e07000143,2007,1064.0769675660001
breckland,e07000143,2008,1004.827352048
breckland,e07000143,2009,935.130198883
breckland,e07000143,2010,978.764059694
breckland,e07000143,2011,888.833190698
breckland,e07000143,2012,933.214984865
breckland,e07000143,2013,901.544182173
breckland,e07000143,2014,865.544659661
breckland,e07000143,2015,823.094264395
breckland,e07000143,2016,800.4054409510001
breckland,e07000143,2017,788.627205745
breckland,e07000143,2018,780.526790475
breckland,e07000143,2019,753.6924934360001
breckland,e07000143,2020,673.251263933
breckland,e07000143,2021,705.447986111
breckland,e07000143,2022,674.664085529
brent,e09000005,2005,1514.907608446
brent,e09000005,2006,1472.122028622
brent,e09000005,2007,1471.04911129
brent,e09000005,2008,1486.523925304
brent,e09000005,2009,1347.321298959
brent,e09000005,2010,1342.058679984
brent,e09000005,2011,1203.443375041
brent,e09000005,2012,1400.004383164
brent,e09000005,2013,1358.3848669440001
brent,e09000005,2014,1137.954539399
brent,e09000005,2015,1051.481591758
brent,e09000005,2016,1010.01904284
brent,e09000005,2017,980.1544316330001
brent,e09000005,2018,1002.938458214
brent,e09000005,2019,952.654191465
brent,e09000005,2020,882.638665744
brent,e09000005,2021,953.979642434
brent,e09000005,2022,871.577730241
brentwood,e07000068,2005,566.045352964
brentwood,e07000068,2006,569.8778260509999
brentwood,e07000068,2007,546.782509343
brentwood,e07000068,2008,552.385864599
brentwood,e07000068,2009,514.063687947
brentwood,e07000068,2010,531.432045823
brentwood,e07000068,2011,493.56747372300003
brentwood,e07000068,2012,506.70120451500003
brentwood,e07000068,2013,492.379075981
brentwood,e07000068,2014,456.62645856
brentwood,e07000068,2015,442.813803807
brentwood,e07000068,2016,428.27062732300004
brentwood,e07000068,2017,417.365004191
brentwood,e07000068,2018,403.556783677
brentwood,e07000068,2019,396.385088779
brentwood,e07000068,2020,357.2230554
brentwood,e07000068,2021,367.01640614900003
brentwood,e07000068,2022,356.59814104
brighton and hove,e06000043,2005,1460.504112435
brighton and hove,e06000043,2006,1451.026493863
brighton and hove,e06000043,2007,1419.955661859
brighton and hove,e06000043,2008,1391.178174898
brighton and hove,e06000043,2009,1276.898179482
brighton and hove,e06000043,2010,1336.303019804
brighton and hove,e06000043,2011,1203.019114561
brighton and hove,e06000043,2012,1281.298183244
brighton and hove,e06000043,2013,1232.436230868
brighton and hove,e06000043,2014,1099.430526559
brighton and hove,e06000043,2015,1040.693634497
brighton and hove,e06000043,2016,978.66556511
brighton and hove,e06000043,2017,935.568129715
brighton and hove,e06000043,2018,912.5501406980001
brighton and hove,e06000043,2019,854.101005946
brighton and hove,e06000043,2020,760.566333236
brighton and hove,e06000043,2021,792.704755439
brighton and hove,e06000043,2022,753.122839356
"bristol, city of",e06000023,2005,2572.287379491
"bristol, city of",e06000023,2006,2525.339882613
"bristol, city of",e06000023,2007,2437.04148557
"bristol, city of",e06000023,2008,2375.7805017709998
"bristol, city of",e06000023,2009,2203.146832413
"bristol, city of",e06000023,2010,2274.24171196
"bristol, city of",e06000023,2011,2080.516046252
"bristol, city of",e06000023,2012,2164.116439882
"bristol, city of",e06000023,2013,2089.015879389
"bristol, city of",e06000023,2014,1854.534664632
"bristol, city of",e06000023,2015,1780.2391821009999
"bristol, city of",e06000023,2016,1640.307821248
"bristol, city of",e06000023,2017,1577.806993995
"bristol, city of",e06000023,2018,1540.319994548
"bristol, city of",e06000023,2019,1463.074523172
"bristol, city of",e06000023,2020,1315.39648341
"bristol, city of",e06000023,2021,1435.615991891
"bristol, city of",e06000023,2022,1343.974696164
broadland,e07000144,2005,767.57735898399994
broadland,e07000144,2006,771.223835231
broadland,e07000144,2007,778.802298002
broadland,e07000144,2008,777.189900103
broadland,e07000144,2009,723.593053367
broadland,e07000144,2010,750.38720405
broadland,e07000144,2011,684.513203082
broadland,e07000144,2012,699.48955532
broadland,e07000144,2013,695.329473884
broadland,e07000144,2014,631.189968357
broadland,e07000144,2015,619.033385097
broadland,e07000144,2016,636.147644054
broadland,e07000144,2017,593.15403984
broadland,e07000144,2018,613.098587468
broadland,e07000144,2019,593.706946672
broadland,e07000144,2020,530.577156532
broadland,e07000144,2021,548.404112819
broadland,e07000144,2022,518.685423848
bromley,e09000006,2005,1623.287877813
bromley,e09000006,2006,1652.938148251
bromley,e09000006,2007,1569.6804499940001
bromley,e09000006,2008,1534.744980957
bromley,e09000006,2009,1419.212307183
bromley,e09000006,2010,1487.058665894
bromley,e09000006,2011,1348.996789192
bromley,e09000006,2012,1426.046660746
bromley,e09000006,2013,1397.822246551
bromley,e09000006,2014,1233.90252551
bromley,e09000006,2015,1201.497944629
bromley,e09000006,2016,1149.258727866
bromley,e09000006,2017,1087.560509051
bromley,e09000006,2018,1082.050322337
bromley,e09000006,2019,1037.843405291
bromley,e09000006,2020,942.322632071
bromley,e09000006,2021,1009.663794604
bromley,e09000006,2022,916.224024789
bromsgrove,e07000234,2005,596.046385688
bromsgrove,e07000234,2006,611.451023875
bromsgrove,e07000234,2007,600.648048429
bromsgrove,e07000234,2008,594.405166942
bromsgrove,e07000234,2009,542.99765829
bromsgrove,e07000234,2010,557.803895666
bromsgrove,e07000234,2011,514.565059687
bromsgrove,e07000234,2012,532.8623572609999
bromsgrove,e07000234,2013,521.852211662
bromsgrove,e07000234,2014,476.959087253
bromsgrove,e07000234,2015,481.692483567
bromsgrove,e07000234,2016,464.864522962
bromsgrove,e07000234,2017,451.038299223
bromsgrove,e07000234,2018,445.50228631199997
bromsgrove,e07000234,2019,429.20334929399996
bromsgrove,e07000234,2020,382.371298479
bromsgrove,e07000234,2021,410.151622516
bromsgrove,e07000234,2022,387.095757079
broxbourne,e07000095,2005,551.05425054
broxbourne,e07000095,2006,551.919679795
broxbourne,e07000095,2007,556.201741503
broxbourne,e07000095,2008,547.411368424
broxbourne,e07000095,2009,505.805587872
broxbourne,e07000095,2010,526.612055026
broxbourne,e07000095,2011,489.662633474
broxbourne,e07000095,2012,515.330632484
broxbourne,e07000095,2013,500.359510767
broxbourne,e07000095,2014,448.21340583800003
broxbourne,e07000095,2015,428.60303220599997
broxbourne,e07000095,2016,402.362950163
broxbourne,e07000095,2017,382.137958479
broxbourne,e07000095,2018,368.132481515
broxbourne,e07000095,2019,346.456408636
broxbourne,e07000095,2020,313.87717478400003
broxbourne,e07000095,2021,323.43793304400003
broxbourne,e07000095,2022,300.313715643
broxtowe,e07000172,2005,647.268467866
broxtowe,e07000172,2006,639.604827871
broxtowe,e07000172,2007,626.21290924
broxtowe,e07000172,2008,608.603281886
broxtowe,e07000172,2009,562.308782026
broxtowe,e07000172,2010,590.287130969
broxtowe,e07000172,2011,533.80913820600006
broxtowe,e07000172,2012,550.699877325
broxtowe,e07000172,2013,533.569997793
broxtowe,e07000172,2014,529.210818078
broxtowe,e07000172,2015,519.960431083
broxtowe,e07000172,2016,496.847411275
broxtowe,e07000172,2017,478.671979678
broxtowe,e07000172,2018,472.184330213
broxtowe,e07000172,2019,462.127521573
broxtowe,e07000172,2020,414.420866751
broxtowe,e07000172,2021,458.080977548
broxtowe,e07000172,2022,430.38733600700004
buckinghamshire,e06000060,2005,3323.999333664
buckinghamshire,e06000060,2006,3295.583686938
buckinghamshire,e06000060,2007,3201.215353669
buckinghamshire,e06000060,2008,3150.627570291
buckinghamshire,e06000060,2009,2907.101080138
buckinghamshire,e06000060,2010,3055.898827367
buckinghamshire,e06000060,2011,2772.467922336
buckinghamshire,e06000060,2012,2936.7736636239997
buckinghamshire,e06000060,2013,2847.075981401
buckinghamshire,e06000060,2014,2608.927729404
buckinghamshire,e06000060,2015,2499.951647129
buckinghamshire,e06000060,2016,2401.366168759
buckinghamshire,e06000060,2017,2289.872052191
buckinghamshire,e06000060,2018,2247.254176256
buckinghamshire,e06000060,2019,2158.270313451
buckinghamshire,e06000060,2020,1950.556360316
buckinghamshire,e06000060,2021,2039.222854035
buckinghamshire,e06000060,2022,1917.941006166
burnley,e07000117,2005,615.396697031
burnley,e07000117,2006,593.325178308
burnley,e07000117,2007,573.219302874
burnley,e07000117,2008,550.78830595
burnley,e07000117,2009,488.47754994400003
burnley,e07000117,2010,521.317619373
burnley,e07000117,2011,466.891003488
burnley,e07000117,2012,481.20196452199997
burnley,e07000117,2013,476.245255376
burnley,e07000117,2014,434.346035271
burnley,e07000117,2015,426.059846286
burnley,e07000117,2016,396.50117479799997
burnley,e07000117,2017,389.799277242
burnley,e07000117,2018,382.428286342
burnley,e07000117,2019,396.666478297
burnley,e07000117,2020,344.757654404
burnley,e07000117,2021,353.981024663
burnley,e07000117,2022,327.036633252
bury,e08000002,2005,1154.920418484
bury,e08000002,2006,1155.200100783
bury,e08000002,2007,1129.203646763
bury,e08000002,2008,1084.016493354
bury,e08000002,2009,974.735991391
bury,e08000002,2010,1027.398631503
bury,e08000002,2011,927.033408942
bury,e08000002,2012,966.784309626
bury,e08000002,2013,945.040274736
bury,e08000002,2014,838.389248294
bury,e08000002,2015,817.447551256
bury,e08000002,2016,764.813456704
bury,e08000002,2017,732.210661329
bury,e08000002,2018,735.317172592
bury,e08000002,2019,705.388545396
bury,e08000002,2020,630.007893124
bury,e08000002,2021,658.571517602
bury,e08000002,2022,576.22266728
calderdale,e08000033,2005,1382.075885269
calderdale,e08000033,2006,1377.188687722
calderdale,e08000033,2007,1343.453642743
calderdale,e08000033,2008,1323.460699049
calderdale,e08000033,2009,1205.425301734
calderdale,e08000033,2010,1282.511724037
calderdale,e08000033,2011,1177.060168066
calderdale,e08000033,2012,1217.876719416
calderdale,e08000033,2013,1189.346457526
calderdale,e08000033,2014,1061.998045807
calderdale,e08000033,2015,1023.074392077
calderdale,e08000033,2016,956.323863674
calderdale,e08000033,2017,919.975116079
calderdale,e08000033,2018,908.622595555
calderdale,e08000033,2019,870.356494513
calderdale,e08000033,2020,768.1863505790001
calderdale,e08000033,2021,784.660681658
calderdale,e08000033,2022,706.069379741
cambridge,e07000008,2005,815.9705139810001
cambridge,e07000008,2006,829.543859187
cambridge,e07000008,2007,809.155441397
cambridge,e07000008,2008,815.530731164
cambridge,e07000008,2009,743.655276614
cambridge,e07000008,2010,781.594009039
cambridge,e07000008,2011,724.638223878
cambridge,e07000008,2012,780.44931562
cambridge,e07000008,2013,754.984647134
cambridge,e07000008,2014,651.848281667
cambridge,e07000008,2015,621.562767979
cambridge,e07000008,2016,578.345265034
cambridge,e07000008,2017,554.778453981
cambridge,e07000008,2018,543.696480917
cambridge,e07000008,2019,510.494792717
cambridge,e07000008,2020,458.116612486
cambridge,e07000008,2021,493.625863697
cambridge,e07000008,2022,461.236918034
camden,e09000007,2005,1790.547459485
camden,e09000007,2006,1897.21554219
camden,e09000007,2007,1843.491850155
camden,e09000007,2008,1788.452177582
camden,e09000007,2009,1630.159961718
camden,e09000007,2010,1713.383035055
camden,e09000007,2011,1563.167364496
camden,e09000007,2012,1660.985315574
camden,e09000007,2013,1601.492117437
camden,e09000007,2014,1373.583432858
camden,e09000007,2015,1281.098093816
camden,e09000007,2016,1195.080727674
camden,e09000007,2017,1104.415861266
camden,e09000007,2018,1104.138046689
camden,e09000007,2019,1006.636407149
camden,e09000007,2020,895.766242265
camden,e09000007,2021,985.2805259969999
camden,e09000007,2022,935.610375189
cannock chase,e07000192,2005,553.598346211
cannock chase,e07000192,2006,566.599605745
cannock chase,e07000192,2007,551.900806493
cannock chase,e07000192,2008,526.040292404
cannock chase,e07000192,2009,477.284525139
cannock chase,e07000192,2010,507.587686152
cannock chase,e07000192,2011,462.233366884
cannock chase,e07000192,2012,489.011775417
cannock chase,e07000192,2013,491.082858638
cannock chase,e07000192,2014,440.59576667700003
cannock chase,e07000192,2015,416.947946549
cannock chase,e07000192,2016,390.998631246
cannock chase,e07000192,2017,376.041501982
cannock chase,e07000192,2018,371.904371913
cannock chase,e07000192,2019,344.241145286
cannock chase,e07000192,2020,310.270712571
cannock chase,e07000192,2021,323.14197790000003
cannock chase,e07000192,2022,288.559504634
canterbury,e07000106,2005,888.090008204
canterbury,e07000106,2006,888.01463112
canterbury,e07000106,2007,875.843958131
canterbury,e07000106,2008,873.650018275
canterbury,e07000106,2009,813.023921829
canterbury,e07000106,2010,845.982919779
canterbury,e07000106,2011,770.80600567
canterbury,e07000106,2012,818.027270498
canterbury,e07000106,2013,780.293474091
canterbury,e07000106,2014,714.239241505
canterbury,e07000106,2015,702.645998598
canterbury,e07000106,2016,672.054103908
canterbury,e07000106,2017,641.1423153019999
canterbury,e07000106,2018,627.839795591
canterbury,e07000106,2019,601.864548681
canterbury,e07000106,2020,549.572833076
canterbury,e07000106,2021,581.378762875
canterbury,e07000106,2022,533.2769220490001
castle point,e07000069,2005,448.798621905
castle point,e07000069,2006,441.934328662
castle point,e07000069,2007,433.44005295700003
castle point,e07000069,2008,427.672632976
castle point,e07000069,2009,395.55079986
castle point,e07000069,2010,410.933801123
castle point,e07000069,2011,372.26321202
castle point,e07000069,2012,390.607365863
castle point,e07000069,2013,379.377014068
castle point,e07000069,2014,339.635138847
castle point,e07000069,2015,329.769751526
castle point,e07000069,2016,315.231865835
castle point,e07000069,2017,308.856889013
castle point,e07000069,2018,299.744712193
castle point,e07000069,2019,281.403173258
castle point,e07000069,2020,266.476903238
castle point,e07000069,2021,279.03571557600003
castle point,e07000069,2022,255.107563945
central bedfordshire,e06000056,2005,1560.496345008
central bedfordshire,e06000056,2006,1564.431644124
central bedfordshire,e06000056,2007,1542.087748824
central bedfordshire,e06000056,2008,1543.867508156
central bedfordshire,e06000056,2009,1413.052745069
central bedfordshire,e06000056,2010,1484.374796369
central bedfordshire,e06000056,2011,1354.916824444
central bedfordshire,e06000056,2012,1436.109258619
central bedfordshire,e06000056,2013,1404.187403321
central bedfordshire,e06000056,2014,1289.909759036
central bedfordshire,e06000056,2015,1259.294371133
central bedfordshire,e06000056,2016,1216.567701368
central bedfordshire,e06000056,2017,1196.3752636240001
central bedfordshire,e06000056,2018,1188.797927752
central bedfordshire,e06000056,2019,1150.219197526
central bedfordshire,e06000056,2020,1044.262793694
central bedfordshire,e06000056,2021,1104.667729243
central bedfordshire,e06000056,2022,1041.739059878
charnwood,e07000130,2005,1164.970455537
charnwood,e07000130,2006,1181.232274964
charnwood,e07000130,2007,1157.277582725
charnwood,e07000130,2008,1140.083194237
charnwood,e07000130,2009,1029.819363
charnwood,e07000130,2010,1084.234291561
charnwood,e07000130,2011,956.55058646
charnwood,e07000130,2012,971.350706051
charnwood,e07000130,2013,979.7221101279999
charnwood,e07000130,2014,904.142048713
charnwood,e07000130,2015,887.832057897
charnwood,e07000130,2016,854.370034308
charnwood,e07000130,2017,820.05240843
charnwood,e07000130,2018,797.858382935
charnwood,e07000130,2019,762.428210811
charnwood,e07000130,2020,688.44203652
charnwood,e07000130,2021,755.1011167309999
charnwood,e07000130,2022,714.186882403
chelmsford,e07000070,2005,1141.728343416
chelmsford,e07000070,2006,1147.318480231
chelmsford,e07000070,2007,1147.976914991
chelmsford,e07000070,2008,1135.11012835
chelmsford,e07000070,2009,1062.044607358
chelmsford,e07000070,2010,1093.424370504
chelmsford,e07000070,2011,1049.352386371
chelmsford,e07000070,2012,1083.105631021
chelmsford,e07000070,2013,1054.171971304
chelmsford,e07000070,2014,961.872363087
chelmsford,e07000070,2015,930.944962688
chelmsford,e07000070,2016,903.502298713
chelmsford,e07000070,2017,870.494794129
chelmsford,e07000070,2018,857.079904587
chelmsford,e07000070,2019,825.300503712
chelmsford,e07000070,2020,727.825200708
chelmsford,e07000070,2021,771.02147529
chelmsford,e07000070,2022,734.3908977039999
cheltenham,e07000078,2005,686.156807396
cheltenham,e07000078,2006,697.1354077990001
cheltenham,e07000078,2007,682.260822843
cheltenham,e07000078,2008,680.060109294
cheltenham,e07000078,2009,594.1794676970001
cheltenham,e07000078,2010,630.77711644
cheltenham,e07000078,2011,595.6428037530001
cheltenham,e07000078,2012,607.8858808709999
cheltenham,e07000078,2013,585.993630463
cheltenham,e07000078,2014,525.487784181
cheltenham,e07000078,2015,499.116091241
cheltenham,e07000078,2016,464.76300015
cheltenham,e07000078,2017,442.5869526
cheltenham,e07000078,2018,419.016514339
cheltenham,e07000078,2019,395.213810354
cheltenham,e07000078,2020,354.55057266200004
cheltenham,e07000078,2021,383.586479543
cheltenham,e07000078,2022,354.887342236
cherwell,e07000177,2005,1243.180345168
cherwell,e07000177,2006,1241.7380775249999
cherwell,e07000177,2007,1208.708706269
cherwell,e07000177,2008,1159.690806575
cherwell,e07000177,2009,1071.714919512
cherwell,e07000177,2010,1128.693174684
cherwell,e07000177,2011,1044.091679266
cherwell,e07000177,2012,1071.387991824
cherwell,e07000177,2013,1055.658523356
cherwell,e07000177,2014,962.627304482
cherwell,e07000177,2015,928.864338346
cherwell,e07000177,2016,901.191059631
cherwell,e07000177,2017,877.968362459
cherwell,e07000177,2018,855.936850342
cherwell,e07000177,2019,829.0890317550001
cherwell,e07000177,2020,753.617122178
cherwell,e07000177,2021,796.573050539
cherwell,e07000177,2022,748.898436777
cheshire east,e06000049,2005,2982.265266884
cheshire east,e06000049,2006,2967.322733863
cheshire east,e06000049,2007,2905.034441716
cheshire east,e06000049,2008,2868.648994999
cheshire east,e06000049,2009,2630.599263242
cheshire east,e06000049,2010,2769.124388351
cheshire east,e06000049,2011,2541.619873445
cheshire east,e06000049,2012,2690.469370743
cheshire east,e06000049,2013,2606.302222896
cheshire east,e06000049,2014,2313.709125564
cheshire east,e06000049,2015,2277.154080918
cheshire east,e06000049,2016,2186.986988682
cheshire east,e06000049,2017,2135.607605424
cheshire east,e06000049,2018,2132.7987636499997
cheshire east,e06000049,2019,2048.049317388
cheshire east,e06000049,2020,1870.98180906
cheshire east,e06000049,2021,1958.26139274
cheshire east,e06000049,2022,1807.366241026
cheshire west and chester,e06000050,2005,3121.8905628449997
cheshire west and chester,e06000050,2006,3085.6326408249997
cheshire west and chester,e06000050,2007,3184.808593865
cheshire west and chester,e06000050,2008,3190.843810797
cheshire west and chester,e06000050,2009,2841.937188989
cheshire west and chester,e06000050,2010,2947.019631144
cheshire west and chester,e06000050,2011,2492.142153082
cheshire west and chester,e06000050,2012,2894.546104308
cheshire west and chester,e06000050,2013,2738.584872305
cheshire west and chester,e06000050,2014,2449.755816514
cheshire west and chester,e06000050,2015,2252.313824532
cheshire west and chester,e06000050,2016,2109.059668164
cheshire west and chester,e06000050,2017,2011.034323223
cheshire west and chester,e06000050,2018,1974.375151967
cheshire west and chester,e06000050,2019,1859.814933258
cheshire west and chester,e06000050,2020,1753.126132027
cheshire west and chester,e06000050,2021,1794.875278363
cheshire west and chester,e06000050,2022,1658.11607254
chesterfield,e07000034,2005,708.960710131
chesterfield,e07000034,2006,698.931906337
chesterfield,e07000034,2007,652.802371385
chesterfield,e07000034,2008,620.909688051
chesterfield,e07000034,2009,557.696894072
chesterfield,e07000034,2010,578.207632203
chesterfield,e07000034,2011,523.243725392
chesterfield,e07000034,2012,573.520589283
chesterfield,e07000034,2013,547.753417138
chesterfield,e07000034,2014,484.88525961
chesterfield,e07000034,2015,456.911262498
chesterfield,e07000034,2016,426.57389281
chesterfield,e07000034,2017,414.011110388
chesterfield,e07000034,2018,428.436356024
chesterfield,e07000034,2019,410.73320385200003
chesterfield,e07000034,2020,380.094098315
chesterfield,e07000034,2021,410.515744484
chesterfield,e07000034,2022,390.122491074
chichester,e07000225,2005,1002.514448943
chichester,e07000225,2006,984.703766772
chichester,e07000225,2007,960.793321378
chichester,e07000225,2008,959.844432374
chichester,e07000225,2009,912.98253168
chichester,e07000225,2010,943.275862243
chichester,e07000225,2011,878.2899457039999
chichester,e07000225,2012,913.217610116
chichester,e07000225,2013,868.338909352
chichester,e07000225,2014,797.530547736
chichester,e07000225,2015,805.311575869
chichester,e07000225,2016,788.361983046
chichester,e07000225,2017,766.430946605
chichester,e07000225,2018,748.041755211
chichester,e07000225,2019,716.804504623
chichester,e07000225,2020,646.313299819
chichester,e07000225,2021,660.253109856
chichester,e07000225,2022,622.406106297
chorley,e07000118,2005,614.372906761
chorley,e07000118,2006,616.461693303
chorley,e07000118,2007,605.475316515
chorley,e07000118,2008,588.166048671
chorley,e07000118,2009,540.7361198570001
chorley,e07000118,2010,562.183785352
chorley,e07000118,2011,509.285486911
chorley,e07000118,2012,541.528539237
chorley,e07000118,2013,530.295520618
chorley,e07000118,2014,496.5075293
chorley,e07000118,2015,486.997683404
chorley,e07000118,2016,461.630860597
chorley,e07000118,2017,448.236486027
chorley,e07000118,2018,453.90690963
chorley,e07000118,2019,434.64145594
chorley,e07000118,2020,391.38754617899997
chorley,e07000118,2021,416.059171128
chorley,e07000118,2022,381.698411105
city of london,e09000001,2005,1702.184620444
city of london,e09000001,2006,1832.142994987
city of london,e09000001,2007,1731.8083656899998
city of london,e09000001,2008,1732.051296264
city of london,e09000001,2009,1525.9178936360001
city of london,e09000001,2010,1685.703717805
city of london,e09000001,2011,1445.0259249649998
city of london,e09000001,2012,1585.25421798
city of london,e09000001,2013,1463.974190572
city of london,e09000001,2014,1218.136295261
city of london,e09000001,2015,1070.666940848
city of london,e09000001,2016,898.4961912159999
city of london,e09000001,2017,794.076380031
city of london,e09000001,2018,783.344141594
city of london,e09000001,2019,691.968537369
city of london,e09000001,2020,540.786245115
city of london,e09000001,2021,570.436323495
city of london,e09000001,2022,550.461049516
colchester,e07000071,2005,1162.220429663
colchester,e07000071,2006,1162.938462981
colchester,e07000071,2007,1138.5475354320001
colchester,e07000071,2008,1108.9737423440001
colchester,e07000071,2009,1023.646889826
colchester,e07000071,2010,1061.978541615
colchester,e07000071,2011,960.415433933
colchester,e07000071,2012,1015.1032749350001
colchester,e07000071,2013,991.625756669
colchester,e07000071,2014,902.346067026
colchester,e07000071,2015,874.067215655
colchester,e07000071,2016,837.056355787
colchester,e07000071,2017,823.069914992
colchester,e07000071,2018,801.632082704
colchester,e07000071,2019,759.720194935
colchester,e07000071,2020,677.252803579
colchester,e07000071,2021,723.976476776
colchester,e07000071,2022,687.800827284
cornwall,e06000052,2005,3766.876515243
cornwall,e06000052,2006,3787.376677713
cornwall,e06000052,2007,3693.339503913
cornwall,e06000052,2008,3595.46912421
cornwall,e06000052,2009,3308.500828719
cornwall,e06000052,2010,3467.972622282
cornwall,e06000052,2011,3165.433858777
cornwall,e06000052,2012,3235.079994831
cornwall,e06000052,2013,3201.941942434
cornwall,e06000052,2014,2944.007111674
cornwall,e06000052,2015,2859.826652179
cornwall,e06000052,2016,2719.142358033
cornwall,e06000052,2017,2669.350408914
cornwall,e06000052,2018,2571.87070602
cornwall,e06000052,2019,2502.897597737
cornwall,e06000052,2020,2228.069804916
cornwall,e06000052,2021,2394.381318901
cornwall,e06000052,2022,2311.118356907
cotswold,e07000079,2005,780.7394006979999
cotswold,e07000079,2006,780.06837179
cotswold,e07000079,2007,778.510350447
cotswold,e07000079,2008,755.918698449
cotswold,e07000079,2009,708.425941443
cotswold,e07000079,2010,726.3087307
cotswold,e07000079,2011,682.520079539
cotswold,e07000079,2012,708.9475067980001
cotswold,e07000079,2013,692.658878878
cotswold,e07000079,2014,652.132641008
cotswold,e07000079,2015,645.064800139
cotswold,e07000079,2016,616.113604993
cotswold,e07000079,2017,617.959271383
cotswold,e07000079,2018,599.929560619
cotswold,e07000079,2019,598.47556455
cotswold,e07000079,2020,521.437414935
cotswold,e07000079,2021,562.797195232
cotswold,e07000079,2022,536.348311257
county durham,e06000047,2005,3503.172242969
county durham,e06000047,2006,3485.66807173
county durham,e06000047,2007,3383.551545367
county durham,e06000047,2008,3328.367124311
county durham,e06000047,2009,3014.040088267
county durham,e06000047,2010,3172.37224394
county durham,e06000047,2011,2898.751856182
county durham,e06000047,2012,3000.377789305
county durham,e06000047,2013,2959.464496696
county durham,e06000047,2014,2641.546440947
county durham,e06000047,2015,2561.605001755
county durham,e06000047,2016,2432.070701821
county durham,e06000047,2017,2373.963390752
county durham,e06000047,2018,2357.198678914
county durham,e06000047,2019,2245.490171423
county durham,e06000047,2020,2030.73279376
county durham,e06000047,2021,2132.482375165
county durham,e06000047,2022,2006.799361735
coventry,e08000026,2005,2205.982518628
coventry,e08000026,2006,2166.4522941220002
coventry,e08000026,2007,2043.080238798
coventry,e08000026,2008,1968.343945629
coventry,e08000026,2009,1744.51790908
coventry,e08000026,2010,1849.035299695
coventry,e08000026,2011,1664.646069485
coventry,e08000026,2012,1773.435450866
coventry,e08000026,2013,1722.125342267
coventry,e08000026,2014,1583.193938549
coventry,e08000026,2015,1543.129183528
coventry,e08000026,2016,1445.0843730630002
coventry,e08000026,2017,1389.536620936
coventry,e08000026,2018,1307.203635479
coventry,e08000026,2019,1244.400561417
coventry,e08000026,2020,1100.83330522
coventry,e08000026,2021,1184.660058568
coventry,e08000026,2022,1105.65670238
crawley,e07000226,2005,809.905485019
crawley,e07000226,2006,825.9596356760001
crawley,e07000226,2007,807.172224772
crawley,e07000226,2008,795.154382896
crawley,e07000226,2009,718.415003667
crawley,e07000226,2010,743.5496699830001
crawley,e07000226,2011,670.086112962
crawley,e07000226,2012,694.717803369
crawley,e07000226,2013,669.462834661
crawley,e07000226,2014,593.136259781
crawley,e07000226,2015,565.353766006
crawley,e07000226,2016,544.476636031
crawley,e07000226,2017,520.100926288
crawley,e07000226,2018,522.821999617
crawley,e07000226,2019,497.188175549
crawley,e07000226,2020,401.690980424
crawley,e07000226,2021,416.710737749
crawley,e07000226,2022,418.356486514
croydon,e09000008,2005,1860.932862804
croydon,e09000008,2006,1820.228760001
croydon,e09000008,2007,1762.827594766
croydon,e09000008,2008,1728.081804598
croydon,e09000008,2009,1573.67740989
croydon,e09000008,2010,1646.929455231
croydon,e09000008,2011,1496.940934571
croydon,e09000008,2012,1583.859976449
croydon,e09000008,2013,1533.2024717030001
croydon,e09000008,2014,1335.018161732
croydon,e09000008,2015,1285.196479625
croydon,e09000008,2016,1219.4896497959999
croydon,e09000008,2017,1164.911967886
croydon,e09000008,2018,1169.434438279
croydon,e09000008,2019,1122.268975321
croydon,e09000008,2020,1029.31953289
croydon,e09000008,2021,1109.792623655
croydon,e09000008,2022,1017.262977769
cumberland,e06000063,2005,2274.164184234
cumberland,e06000063,2006,2252.627356874
cumberland,e06000063,2007,2179.666526459
cumberland,e06000063,2008,2154.46578177
cumberland,e06000063,2009,1969.75300984
cumberland,e06000063,2010,2056.762506615
cumberland,e06000063,2011,1850.532514729
cumberland,e06000063,2012,1985.96679997
cumberland,e06000063,2013,2018.092222566
cumberland,e06000063,2014,1728.098239142
cumberland,e06000063,2015,1773.2602710610001
cumberland,e06000063,2016,1526.810253963
cumberland,e06000063,2017,1486.492857835
cumberland,e06000063,2018,1491.673276061
cumberland,e06000063,2019,1446.580379677
cumberland,e06000063,2020,1324.08251566
cumberland,e06000063,2021,1352.320473123
cumberland,e06000063,2022,1263.890228481
dacorum,e07000096,2005,969.212311749
dacorum,e07000096,2006,898.484821232
dacorum,e07000096,2007,879.893930887
dacorum,e07000096,2008,867.8884274239999
dacorum,e07000096,2009,804.484693285
dacorum,e07000096,2010,838.912321171
dacorum,e07000096,2011,757.299923855
dacorum,e07000096,2012,802.83584708
dacorum,e07000096,2013,789.032576255
dacorum,e07000096,2014,764.732678908
dacorum,e07000096,2015,690.826951561
dacorum,e07000096,2016,670.1925506380001
dacorum,e07000096,2017,646.469497788
dacorum,e07000096,2018,629.9034673040001
dacorum,e07000096,2019,602.090824993
dacorum,e07000096,2020,550.73509989
dacorum,e07000096,2021,579.957137742
dacorum,e07000096,2022,549.023327798
darlington,e06000005,2005,807.72662571
darlington,e06000005,2006,787.3202548639999
darlington,e06000005,2007,764.484548201
darlington,e06000005,2008,750.55596843
darlington,e06000005,2009,679.783759906
darlington,e06000005,2010,723.066794545
darlington,e06000005,2011,645.859976358
darlington,e06000005,2012,669.648110395
darlington,e06000005,2013,661.090913872
darlington,e06000005,2014,582.359006681
darlington,e06000005,2015,572.2088314289999
darlington,e06000005,2016,544.2658196030001
darlington,e06000005,2017,523.937332066
darlington,e06000005,2018,514.103400291
darlington,e06000005,2019,502.10153656299997
darlington,e06000005,2020,457.604500304
darlington,e06000005,2021,475.735283089
darlington,e06000005,2022,442.903152336
dartford,e07000107,2005,777.004508311
dartford,e07000107,2006,771.238837696
dartford,e07000107,2007,752.466037813
dartford,e07000107,2008,747.39145589300006
dartford,e07000107,2009,647.471582087
dartford,e07000107,2010,663.716049149
dartford,e07000107,2011,613.2153401099999
dartford,e07000107,2012,638.546437383
dartford,e07000107,2013,603.076225084
dartford,e07000107,2014,542.680269796
dartford,e07000107,2015,535.226764136
dartford,e07000107,2016,511.410338708
dartford,e07000107,2017,499.817919045
dartford,e07000107,2018,502.004225476
dartford,e07000107,2019,469.563634092
dartford,e07000107,2020,422.693661793
dartford,e07000107,2021,457.353372231
dartford,e07000107,2022,440.72223579
derby,e06000015,2005,1842.505445898
derby,e06000015,2006,1793.2070213670002
derby,e06000015,2007,1721.934332035
derby,e06000015,2008,1710.539238773
derby,e06000015,2009,1647.611284327
derby,e06000015,2010,1625.543909695
derby,e06000015,2011,1487.02165992
derby,e06000015,2012,1477.618973942
derby,e06000015,2013,1438.224098777
derby,e06000015,2014,1242.989987322
derby,e06000015,2015,1244.0236097490001
derby,e06000015,2016,1162.940613806
derby,e06000015,2017,1124.321330821
derby,e06000015,2018,1132.508320053
derby,e06000015,2019,1051.986240645
derby,e06000015,2020,971.801740901
derby,e06000015,2021,1063.610524113
derby,e06000015,2022,1055.200658927
derbyshire dales,e07000035,2005,807.722487163
derbyshire dales,e07000035,2006,791.426711556
derbyshire dales,e07000035,2007,799.1940066679999
derbyshire dales,e07000035,2008,772.7325694689999
derbyshire dales,e07000035,2009,691.07618239400006
derbyshire dales,e07000035,2010,706.110013932
derbyshire dales,e07000035,2011,664.778048134
derbyshire dales,e07000035,2012,681.800964152
derbyshire dales,e07000035,2013,679.397958708
derbyshire dales,e07000035,2014,635.174768943
derbyshire dales,e07000035,2015,632.546070346
derbyshire dales,e07000035,2016,607.0126533590001
derbyshire dales,e07000035,2017,596.259656291
derbyshire dales,e07000035,2018,573.456300129
derbyshire dales,e07000035,2019,587.531718747
derbyshire dales,e07000035,2020,522.89503385
derbyshire dales,e07000035,2021,557.501683393
derbyshire dales,e07000035,2022,526.239395991
doncaster,e08000017,2005,2120.252822379
doncaster,e08000017,2006,2098.219907308
doncaster,e08000017,2007,2020.1656584309999
doncaster,e08000017,2008,1990.2221948079998
doncaster,e08000017,2009,1807.305427774
doncaster,e08000017,2010,1883.307155553
doncaster,e08000017,2011,1708.650857458
doncaster,e08000017,2012,1800.878249248
doncaster,e08000017,2013,1750.672901505
doncaster,e08000017,2014,1597.10511706
doncaster,e08000017,2015,1539.096495307
doncaster,e08000017,2016,1460.60057235
doncaster,e08000017,2017,1425.292346495
doncaster,e08000017,2018,1454.992969804
doncaster,e08000017,2019,1410.951703438
doncaster,e08000017,2020,1259.739303905
doncaster,e08000017,2021,1333.9175041009998
doncaster,e08000017,2022,1217.9659733170001
dorset,e06000059,2005,2640.529620483
dorset,e06000059,2006,2626.797492612
dorset,e06000059,2007,2574.672252203
dorset,e06000059,2008,2566.820814857
dorset,e06000059,2009,2349.082984726
dorset,e06000059,2010,2450.933716119
dorset,e06000059,2011,2232.382907
dorset,e06000059,2012,2342.872187032
dorset,e06000059,2013,2254.755923096
dorset,e06000059,2014,2198.132230855
dorset,e06000059,2015,2048.21922107
dorset,e06000059,2016,1975.980469849
dorset,e06000059,2017,1890.339276166
dorset,e06000059,2018,1860.989014758
dorset,e06000059,2019,1762.420219283
dorset,e06000059,2020,1589.239416403
dorset,e06000059,2021,1745.866477959
dorset,e06000059,2022,1628.150465836
dover,e07000108,2005,809.294739663
dover,e07000108,2006,735.210730051
dover,e07000108,2007,744.38672619
dover,e07000108,2008,817.310655212
dover,e07000108,2009,600.582662894
dover,e07000108,2010,629.845494379
dover,e07000108,2011,583.958403415
dover,e07000108,2012,618.1554607749999
dover,e07000108,2013,614.774323465
dover,e07000108,2014,554.093818839
dover,e07000108,2015,552.185056889
dover,e07000108,2016,530.266954112
dover,e07000108,2017,496.378816458
dover,e07000108,2018,481.572725794
dover,e07000108,2019,454.20100757299997
dover,e07000108,2020,415.435156411
dover,e07000108,2021,436.654692863
dover,e07000108,2022,415.655264673
dudley,e08000027,2005,1875.29072779
dudley,e08000027,2006,1866.297868888
dudley,e08000027,2007,1786.937971974
dudley,e08000027,2008,1742.896213892
dudley,e08000027,2009,1562.596948337
dudley,e08000027,2010,1652.9221929779999
dudley,e08000027,2011,1505.956900119
dudley,e08000027,2012,1557.988670604
dudley,e08000027,2013,1523.785987775
dudley,e08000027,2014,1357.829999266
dudley,e08000027,2015,1317.080638386
dudley,e08000027,2016,1234.400778978
dudley,e08000027,2017,1199.635011571
dudley,e08000027,2018,1169.711844301
dudley,e08000027,2019,1111.488855108
dudley,e08000027,2020,987.032119675
dudley,e08000027,2021,1051.933520354
dudley,e08000027,2022,973.05418535
ealing,e09000009,2005,1784.544212912
ealing,e09000009,2006,1802.578637027
ealing,e09000009,2007,1780.827762682
ealing,e09000009,2008,1743.288388821
ealing,e09000009,2009,1603.121155643
ealing,e09000009,2010,1666.7818180450001
ealing,e09000009,2011,1548.517048676
ealing,e09000009,2012,1641.328481503
ealing,e09000009,2013,1629.8209099
ealing,e09000009,2014,1430.515338183
ealing,e09000009,2015,1336.855087458
ealing,e09000009,2016,1240.754179997
ealing,e09000009,2017,1199.042623946
ealing,e09000009,2018,1187.805151532
ealing,e09000009,2019,1114.853739306
ealing,e09000009,2020,1012.338657679
ealing,e09000009,2021,1106.44196204
ealing,e09000009,2022,1040.583792011
east cambridgeshire,e07000009,2005,676.650035855
east cambridgeshire,e07000009,2006,664.44794849
east cambridgeshire,e07000009,2007,664.177874307
east cambridgeshire,e07000009,2008,652.779592254
east cambridgeshire,e07000009,2009,604.981966955
east cambridgeshire,e07000009,2010,624.1090650479999
east cambridgeshire,e07000009,2011,593.996174505
east cambridgeshire,e07000009,2012,617.917470538
east cambridgeshire,e07000009,2013,604.969365584
east cambridgeshire,e07000009,2014,569.351647511
east cambridgeshire,e07000009,2015,558.192067198
east cambridgeshire,e07000009,2016,546.144239168
east cambridgeshire,e07000009,2017,536.806476398
east cambridgeshire,e07000009,2018,534.937268356
east cambridgeshire,e07000009,2019,517.860317751
east cambridgeshire,e07000009,2020,466.764512075
east cambridgeshire,e07000009,2021,490.647779372
east cambridgeshire,e07000009,2022,493.513884147
east devon,e07000040,2005,803.472140165
east devon,e07000040,2006,813.536701212
east devon,e07000040,2007,798.858476331
east devon,e07000040,2008,786.989779391
east devon,e07000040,2009,737.326669319
east devon,e07000040,2010,767.742485877
east devon,e07000040,2011,703.567632458
east devon,e07000040,2012,744.4271441660001
east devon,e07000040,2013,712.522578437
east devon,e07000040,2014,654.910600043
east devon,e07000040,2015,647.720807356
east devon,e07000040,2016,627.724954899
east devon,e07000040,2017,621.99719321
east devon,e07000040,2018,621.849420973
east devon,e07000040,2019,589.825808357
east devon,e07000040,2020,518.364746944
east devon,e07000040,2021,564.484672066
east devon,e07000040,2022,539.2325433139999
east hampshire,e07000085,2005,864.647549336
east hampshire,e07000085,2006,857.645218254
east hampshire,e07000085,2007,846.665933347
east hampshire,e07000085,2008,843.24054375
east hampshire,e07000085,2009,787.066966555
east hampshire,e07000085,2010,813.823475678
east hampshire,e07000085,2011,752.944904951
east hampshire,e07000085,2012,780.337460513
east hampshire,e07000085,2013,765.058009442
east hampshire,e07000085,2014,705.8318982979999
east hampshire,e07000085,2015,686.678084874
east hampshire,e07000085,2016,667.735771438
east hampshire,e07000085,2017,656.012437481
east hampshire,e07000085,2018,639.883304974
east hampshire,e07000085,2019,609.3621343359999
east hampshire,e07000085,2020,536.103867557
east hampshire,e07000085,2021,562.690083116
east hampshire,e07000085,2022,531.5272886700001
east hertfordshire,e07000242,2005,989.111167101
east hertfordshire,e07000242,2006,1007.75471857
east hertfordshire,e07000242,2007,989.248486923
east hertfordshire,e07000242,2008,946.826388861
east hertfordshire,e07000242,2009,876.363460601
east hertfordshire,e07000242,2010,906.285078986
east hertfordshire,e07000242,2011,825.654653987
east hertfordshire,e07000242,2012,840.334521166
east hertfordshire,e07000242,2013,833.507087271
east hertfordshire,e07000242,2014,766.303988594
east hertfordshire,e07000242,2015,744.665728937
east hertfordshire,e07000242,2016,711.397338882
east hertfordshire,e07000242,2017,699.7134590860001
east hertfordshire,e07000242,2018,693.035385874
east hertfordshire,e07000242,2019,656.226927219
east hertfordshire,e07000242,2020,596.355615947
east hertfordshire,e07000242,2021,620.980888888
east hertfordshire,e07000242,2022,588.885339361
east lindsey,e07000137,2005,1037.892718601
east lindsey,e07000137,2006,1046.150084425
east lindsey,e07000137,2007,1026.511516749
east lindsey,e07000137,2008,1010.773018015
east lindsey,e07000137,2009,932.73509465
east lindsey,e07000137,2010,981.267632191
east lindsey,e07000137,2011,898.571013177
east lindsey,e07000137,2012,937.317318516
east lindsey,e07000137,2013,907.209010239
east lindsey,e07000137,2014,822.580158523
east lindsey,e07000137,2015,831.317080948
east lindsey,e07000137,2016,800.9142979
east lindsey,e07000137,2017,781.861579991
east lindsey,e07000137,2018,749.960143816
east lindsey,e07000137,2019,716.593632606
east lindsey,e07000137,2020,628.872925506
east lindsey,e07000137,2021,673.045231026
east lindsey,e07000137,2022,643.127811268
east riding of yorkshire,e06000011,2005,2653.239723201
east riding of yorkshire,e06000011,2006,2676.772076602
east riding of yorkshire,e06000011,2007,2681.959722347
east riding of yorkshire,e06000011,2008,2644.465032028
east riding of yorkshire,e06000011,2009,2400.77025675
east riding of yorkshire,e06000011,2010,2606.5860486
east riding of yorkshire,e06000011,2011,2336.842464537
east riding of yorkshire,e06000011,2012,2418.102517561
east riding of yorkshire,e06000011,2013,2342.986131742
east riding of yorkshire,e06000011,2014,2155.293666458
east riding of yorkshire,e06000011,2015,2092.781851817
east riding of yorkshire,e06000011,2016,2013.850444395
east riding of yorkshire,e06000011,2017,2014.332113281
east riding of yorkshire,e06000011,2018,1977.903066407
east riding of yorkshire,e06000011,2019,1960.176867839
east riding of yorkshire,e06000011,2020,1759.391099221
east riding of yorkshire,e06000011,2021,1842.173366502
east riding of yorkshire,e06000011,2022,1699.575219569
east staffordshire,e07000193,2005,1051.355146707
east staffordshire,e07000193,2006,1065.995448724
east staffordshire,e07000193,2007,1026.498576414
east staffordshire,e07000193,2008,1017.3607237709999
east staffordshire,e07000193,2009,897.665929202
east staffordshire,e07000193,2010,953.282432165
east staffordshire,e07000193,2011,891.5988542599999
east staffordshire,e07000193,2012,914.45599554
east staffordshire,e07000193,2013,897.304721746
east staffordshire,e07000193,2014,813.234387801
east staffordshire,e07000193,2015,779.213031088
east staffordshire,e07000193,2016,740.276813334
east staffordshire,e07000193,2017,726.778924331
east staffordshire,e07000193,2018,713.259906835
east staffordshire,e07000193,2019,668.438850225
east staffordshire,e07000193,2020,591.171196964
east staffordshire,e07000193,2021,637.983806203
east staffordshire,e07000193,2022,619.330043148
east suffolk,e07000244,2005,1678.449041974
east suffolk,e07000244,2006,1684.090292575
east suffolk,e07000244,2007,1611.967944254
east suffolk,e07000244,2008,1586.708635233
east suffolk,e07000244,2009,1490.700452286
east suffolk,e07000244,2010,1522.143595118
east suffolk,e07000244,2011,1384.205065266
east suffolk,e07000244,2012,1482.881411564
east suffolk,e07000244,2013,1440.6738197920001
east suffolk,e07000244,2014,1315.799591352
east suffolk,e07000244,2015,1252.71491815
east suffolk,e07000244,2016,1191.860731726
east suffolk,e07000244,2017,1175.770358472
east suffolk,e07000244,2018,1161.528118914
east suffolk,e07000244,2019,1080.819166331
east suffolk,e07000244,2020,989.323757269
east suffolk,e07000244,2021,1056.753333371
east suffolk,e07000244,2022,989.784810735
eastbourne,e07000061,2005,505.751685252
eastbourne,e07000061,2006,506.197689321
eastbourne,e07000061,2007,499.71571239400004
eastbourne,e07000061,2008,489.461182115
eastbourne,e07000061,2009,449.05162679200004
eastbourne,e07000061,2010,470.362569793
eastbourne,e07000061,2011,427.50145014
eastbourne,e07000061,2012,446.717032858
eastbourne,e07000061,2013,431.812597037
eastbourne,e07000061,2014,394.007371084
eastbourne,e07000061,2015,365.941395946
eastbourne,e07000061,2016,341.832369743
eastbourne,e07000061,2017,322.232335878
eastbourne,e07000061,2018,317.536688296
eastbourne,e07000061,2019,294.841609634
eastbourne,e07000061,2020,270.941944231
eastbourne,e07000061,2021,284.492448354
eastbourne,e07000061,2022,260.88532718
eastleigh,e07000086,2005,713.782415422
eastleigh,e07000086,2006,707.977822639
eastleigh,e07000086,2007,688.745909143
eastleigh,e07000086,2008,679.060865282
eastleigh,e07000086,2009,618.51869619
eastleigh,e07000086,2010,645.700857681
eastleigh,e07000086,2011,588.032119885
eastleigh,e07000086,2012,613.586832405
eastleigh,e07000086,2013,594.159338617
eastleigh,e07000086,2014,533.13843115
eastleigh,e07000086,2015,503.616980111
eastleigh,e07000086,2016,475.93618709500004
eastleigh,e07000086,2017,458.528482182
eastleigh,e07000086,2018,442.998060384
eastleigh,e07000086,2019,423.270320753
eastleigh,e07000086,2020,389.068880515
eastleigh,e07000086,2021,401.391496475
eastleigh,e07000086,2022,377.690622705
elmbridge,e07000207,2005,921.385613434
elmbridge,e07000207,2006,921.672260481
elmbridge,e07000207,2007,900.949847172
elmbridge,e07000207,2008,902.110133597
elmbridge,e07000207,2009,837.667702979
elmbridge,e07000207,2010,873.883696699
elmbridge,e07000207,2011,805.45948168
elmbridge,e07000207,2012,836.661834677
elmbridge,e07000207,2013,816.498081739
elmbridge,e07000207,2014,733.013433328
elmbridge,e07000207,2015,710.65509161
elmbridge,e07000207,2016,678.864917858
elmbridge,e07000207,2017,647.3006141
elmbridge,e07000207,2018,636.517618397
elmbridge,e07000207,2019,605.0168662140001
elmbridge,e07000207,2020,540.873210481
elmbridge,e07000207,2021,568.409217268
elmbridge,e07000207,2022,526.76308868
enfield,e09000010,2005,1524.267690061
enfield,e09000010,2006,1659.408683145
enfield,e09000010,2007,1648.803911897
enfield,e09000010,2008,1464.866189656
enfield,e09000010,2009,1324.4696104299999
enfield,e09000010,2010,1416.961702958
enfield,e09000010,2011,1278.0994485859999
enfield,e09000010,2012,1357.935916973
enfield,e09000010,2013,1344.123471117
enfield,e09000010,2014,1199.713339731
enfield,e09000010,2015,1145.193724409
enfield,e09000010,2016,1088.124189385
enfield,e09000010,2017,1042.585975836
enfield,e09000010,2018,1036.083997552
enfield,e09000010,2019,999.024959948
enfield,e09000010,2020,912.847601086
enfield,e09000010,2021,936.460055241
enfield,e09000010,2022,868.527794557
epping forest,e07000072,2005,829.87961585
epping forest,e07000072,2006,824.2565773590001
epping forest,e07000072,2007,821.113472361
epping forest,e07000072,2008,800.717775313
epping forest,e07000072,2009,736.032062759
epping forest,e07000072,2010,779.79399056
epping forest,e07000072,2011,703.349458546
epping forest,e07000072,2012,719.575862427
epping forest,e07000072,2013,703.562631871
epping forest,e07000072,2014,629.72239268
epping forest,e07000072,2015,612.64919651
epping forest,e07000072,2016,587.429921734
epping forest,e07000072,2017,574.232145937
epping forest,e07000072,2018,583.472082752
epping forest,e07000072,2019,553.571941759
epping forest,e07000072,2020,508.760643741
epping forest,e07000072,2021,520.377501356
epping forest,e07000072,2022,485.430381715
epsom and ewell,e07000208,2005,386.19019074
epsom and ewell,e07000208,2006,380.920043813
epsom and ewell,e07000208,2007,376.617921931
epsom and ewell,e07000208,2008,373.607695172
epsom and ewell,e07000208,2009,341.237847472
epsom and ewell,e07000208,2010,356.665681904
epsom and ewell,e07000208,2011,322.184855751
epsom and ewell,e07000208,2012,338.84192965
epsom and ewell,e07000208,2013,331.832737689
epsom and ewell,e07000208,2014,295.68321627
epsom and ewell,e07000208,2015,286.306498973
epsom and ewell,e07000208,2016,272.372845737
epsom and ewell,e07000208,2017,257.159589544
epsom and ewell,e07000208,2018,253.514646384
epsom and ewell,e07000208,2019,240.004186467
epsom and ewell,e07000208,2020,218.81397100499998
epsom and ewell,e07000208,2021,232.149060399
epsom and ewell,e07000208,2022,214.268706915
erewash,e07000036,2005,712.361253098
erewash,e07000036,2006,711.019644454
erewash,e07000036,2007,680.746307216
erewash,e07000036,2008,662.586562897
erewash,e07000036,2009,595.791564603
erewash,e07000036,2010,621.706013393
erewash,e07000036,2011,541.526774528
erewash,e07000036,2012,566.288993701
erewash,e07000036,2013,553.086008099
erewash,e07000036,2014,495.024489768
erewash,e07000036,2015,478.57197572
erewash,e07000036,2016,452.716579504
erewash,e07000036,2017,442.667095463
erewash,e07000036,2018,441.584180835
erewash,e07000036,2019,426.53860006
erewash,e07000036,2020,398.995841767
erewash,e07000036,2021,426.977322318
erewash,e07000036,2022,405.261186165
exeter,e07000041,2005,861.80487978
exeter,e07000041,2006,661.9922744630001
exeter,e07000041,2007,642.230866941
exeter,e07000041,2008,652.80604324
exeter,e07000041,2009,590.786278741
exeter,e07000041,2010,618.535364016
exeter,e07000041,2011,556.551584366
exeter,e07000041,2012,606.099066783
exeter,e07000041,2013,588.083415692
exeter,e07000041,2014,523.670172319
exeter,e07000041,2015,563.905453574
exeter,e07000041,2016,541.455815
exeter,e07000041,2017,422.293569937
exeter,e07000041,2018,429.16691606300003
exeter,e07000041,2019,400.720716328
exeter,e07000041,2020,364.32131666
exeter,e07000041,2021,377.641365055
exeter,e07000041,2022,358.937929803
fareham,e07000087,2005,670.075617339
fareham,e07000087,2006,665.825911121
fareham,e07000087,2007,650.311466593
fareham,e07000087,2008,642.651602796
fareham,e07000087,2009,580.130566335
fareham,e07000087,2010,606.618883493
fareham,e07000087,2011,536.979762338
fareham,e07000087,2012,557.17967746
fareham,e07000087,2013,532.735580329
fareham,e07000087,2014,476.865799095
fareham,e07000087,2015,459.654174609
fareham,e07000087,2016,437.74203422700003
fareham,e07000087,2017,418.402143767
fareham,e07000087,2018,421.046253094
fareham,e07000087,2019,384.40973373599996
fareham,e07000087,2020,343.397406812
fareham,e07000087,2021,358.962883578
fareham,e07000087,2022,326.807668151
fenland,e07000010,2005,836.372900052
fenland,e07000010,2006,806.417181
fenland,e07000010,2007,796.254643379
fenland,e07000010,2008,792.044905831
fenland,e07000010,2009,745.096577662
fenland,e07000010,2010,787.933388741
fenland,e07000010,2011,707.528952767
fenland,e07000010,2012,755.132934398
fenland,e07000010,2013,748.590432235
fenland,e07000010,2014,698.166131048
fenland,e07000010,2015,662.968053823
fenland,e07000010,2016,637.689131339
fenland,e07000010,2017,613.068194649
fenland,e07000010,2018,611.667453432
fenland,e07000010,2019,570.810186966
fenland,e07000010,2020,522.27381496
fenland,e07000010,2021,573.4825116009999
fenland,e07000010,2022,535.570484881
folkestone and hythe,e07000112,2005,737.638801789
folkestone and hythe,e07000112,2006,738.03893874
folkestone and hythe,e07000112,2007,716.632293858
folkestone and hythe,e07000112,2008,631.734265319
folkestone and hythe,e07000112,2009,564.802852809
folkestone and hythe,e07000112,2010,588.974481233
folkestone and hythe,e07000112,2011,537.138702604
folkestone and hythe,e07000112,2012,554.078931048
folkestone and hythe,e07000112,2013,531.203672982
folkestone and hythe,e07000112,2014,476.921858487
folkestone and hythe,e07000112,2015,466.074425691
folkestone and hythe,e07000112,2016,437.989443055
folkestone and hythe,e07000112,2017,424.138531547
folkestone and hythe,e07000112,2018,412.489361986
folkestone and hythe,e07000112,2019,389.80349439099996
folkestone and hythe,e07000112,2020,352.712800679
folkestone and hythe,e07000112,2021,366.602021706
folkestone and hythe,e07000112,2022,346.177980522
forest of dean,e07000080,2005,624.939177924
forest of dean,e07000080,2006,631.068760041
forest of dean,e07000080,2007,607.689439402
forest of dean,e07000080,2008,611.168000524
forest of dean,e07000080,2009,547.267445279
forest of dean,e07000080,2010,577.727990349
forest of dean,e07000080,2011,537.713477042
forest of dean,e07000080,2012,553.901283124
forest of dean,e07000080,2013,531.002267219
forest of dean,e07000080,2014,490.456677993
forest of dean,e07000080,2015,473.291060055
forest of dean,e07000080,2016,450.211780885
forest of dean,e07000080,2017,463.51710292399997
forest of dean,e07000080,2018,452.283413017
forest of dean,e07000080,2019,429.894982687
forest of dean,e07000080,2020,376.749065085
forest of dean,e07000080,2021,424.482602926
forest of dean,e07000080,2022,389.407114354
fylde,e07000119,2005,664.58042951
fylde,e07000119,2006,677.137449962
fylde,e07000119,2007,643.26375677
fylde,e07000119,2008,668.027402103
fylde,e07000119,2009,615.063669048
fylde,e07000119,2010,645.424380019
fylde,e07000119,2011,573.185649466
fylde,e07000119,2012,537.073372623
fylde,e07000119,2013,512.122631008
fylde,e07000119,2014,469.799951187
fylde,e07000119,2015,452.097838376
fylde,e07000119,2016,429.781837512
fylde,e07000119,2017,411.538759939
fylde,e07000119,2018,416.233739499
fylde,e07000119,2019,400.47799734200004
fylde,e07000119,2020,356.571716054
fylde,e07000119,2021,365.782200829
fylde,e07000119,2022,349.253855635
gateshead,e08000037,2005,1657.5175508
gateshead,e08000037,2006,1674.3012442020001
gateshead,e08000037,2007,1622.264281231
gateshead,e08000037,2008,1552.588557127
gateshead,e08000037,2009,1425.15563398
gateshead,e08000037,2010,1470.963152915
gateshead,e08000037,2011,1330.48399838
gateshead,e08000037,2012,1364.62902023
gateshead,e08000037,2013,1326.221241512
gateshead,e08000037,2014,1214.326918787
gateshead,e08000037,2015,1153.891172125
gateshead,e08000037,2016,1094.117495694
gateshead,e08000037,2017,1049.056458934
gateshead,e08000037,2018,1040.578220447
gateshead,e08000037,2019,1002.802258024
gateshead,e08000037,2020,885.965125049
gateshead,e08000037,2021,930.609484648
gateshead,e08000037,2022,865.843951987
gedling,e07000173,2005,582.011003229
gedling,e07000173,2006,592.149194889
gedling,e07000173,2007,574.656081224
gedling,e07000173,2008,567.777317914
gedling,e07000173,2009,528.937422388
gedling,e07000173,2010,566.863673156
gedling,e07000173,2011,505.262543533
gedling,e07000173,2012,540.9079894829999
gedling,e07000173,2013,509.33071978099997
gedling,e07000173,2014,454.537082729
gedling,e07000173,2015,443.303595887
gedling,e07000173,2016,420.467414314
gedling,e07000173,2017,419.42345820599996
gedling,e07000173,2018,422.027369141
gedling,e07000173,2019,412.516212801
gedling,e07000173,2020,382.235863874
gedling,e07000173,2021,420.797159782
gedling,e07000173,2022,379.46713329
gloucester,e07000081,2005,718.9550408910001
gloucester,e07000081,2006,723.805573588
gloucester,e07000081,2007,706.133063786
gloucester,e07000081,2008,694.816505088
gloucester,e07000081,2009,630.461742843
gloucester,e07000081,2010,661.702488752
gloucester,e07000081,2011,606.576461225
gloucester,e07000081,2012,651.994234206
gloucester,e07000081,2013,630.513728327
gloucester,e07000081,2014,547.479389973
gloucester,e07000081,2015,521.566044416
gloucester,e07000081,2016,506.68494194
gloucester,e07000081,2017,472.03579822800003
gloucester,e07000081,2018,471.52758457
gloucester,e07000081,2019,474.324369428
gloucester,e07000081,2020,411.39981331399997
gloucester,e07000081,2021,451.45226927699997
gloucester,e07000081,2022,404.216619741
gosport,e07000088,2005,398.913895047
gosport,e07000088,2006,398.842490698
gosport,e07000088,2007,386.19260507999996
gosport,e07000088,2008,379.085754186
gosport,e07000088,2009,334.637606113
gosport,e07000088,2010,346.5330087
gosport,e07000088,2011,313.94913777200003
gosport,e07000088,2012,332.42621456899997
gosport,e07000088,2013,325.127946681
gosport,e07000088,2014,287.456383257
gosport,e07000088,2015,272.278334064
gosport,e07000088,2016,257.06183963
gosport,e07000088,2017,243.918320425
gosport,e07000088,2018,228.54679918399998
gosport,e07000088,2019,215.165368227
gosport,e07000088,2020,196.261702675
gosport,e07000088,2021,202.520955661
gosport,e07000088,2022,185.137422118
gravesham,e07000109,2005,649.952408741
gravesham,e07000109,2006,736.863577049
gravesham,e07000109,2007,689.189949457
gravesham,e07000109,2008,624.767414753
gravesham,e07000109,2009,565.968434055
gravesham,e07000109,2010,590.04551531
gravesham,e07000109,2011,543.545557454
gravesham,e07000109,2012,625.296402036
gravesham,e07000109,2013,600.675500361
gravesham,e07000109,2014,535.778796931
gravesham,e07000109,2015,475.978712471
gravesham,e07000109,2016,449.61518056
gravesham,e07000109,2017,435.588835708
gravesham,e07000109,2018,434.122895252
gravesham,e07000109,2019,425.278022828
gravesham,e07000109,2020,376.747552521
gravesham,e07000109,2021,375.484819538
gravesham,e07000109,2022,350.081732955
great yarmouth,e07000145,2005,564.3280106020001
great yarmouth,e07000145,2006,566.458702586
great yarmouth,e07000145,2007,544.756077324
great yarmouth,e07000145,2008,538.092936728
great yarmouth,e07000145,2009,504.245504186
great yarmouth,e07000145,2010,519.252217788
great yarmouth,e07000145,2011,475.565045995
great yarmouth,e07000145,2012,493.627572939
great yarmouth,e07000145,2013,478.576984903
great yarmouth,e07000145,2014,428.099399361
great yarmouth,e07000145,2015,413.738336599
great yarmouth,e07000145,2016,389.689926656
great yarmouth,e07000145,2017,383.60565457
great yarmouth,e07000145,2018,373.894275856
great yarmouth,e07000145,2019,354.159770177
great yarmouth,e07000145,2020,312.222256951
great yarmouth,e07000145,2021,339.3847515
great yarmouth,e07000145,2022,320.520151709
greenwich,e09000011,2005,1318.836463082
greenwich,e09000011,2006,1309.5675732910001
greenwich,e09000011,2007,1271.732191542
greenwich,e09000011,2008,1275.267737063
greenwich,e09000011,2009,1179.381675876
greenwich,e09000011,2010,1248.270990015
greenwich,e09000011,2011,1114.834741728
greenwich,e09000011,2012,1132.907034411
greenwich,e09000011,2013,1053.8047329620001
greenwich,e09000011,2014,1051.985228007
greenwich,e09000011,2015,916.3981986910001
greenwich,e09000011,2016,879.474771085
greenwich,e09000011,2017,842.149705699
greenwich,e09000011,2018,854.550842526
greenwich,e09000011,2019,811.520823914
greenwich,e09000011,2020,737.305461548
greenwich,e09000011,2021,807.789204702
greenwich,e09000011,2022,741.023520333
guildford,e07000209,2005,1101.833405714
guildford,e07000209,2006,1078.428385816
guildford,e07000209,2007,1072.732141256
guildford,e07000209,2008,1055.8616410500001
guildford,e07000209,2009,983.9302260439999
guildford,e07000209,2010,1031.669352865
guildford,e07000209,2011,954.970544378
guildford,e07000209,2012,995.022021523
guildford,e07000209,2013,971.299846007
guildford,e07000209,2014,889.432999286
guildford,e07000209,2015,864.635829164
guildford,e07000209,2016,839.172725859
guildford,e07000209,2017,797.967461763
guildford,e07000209,2018,778.81733956
guildford,e07000209,2019,738.67551246
guildford,e07000209,2020,642.2925191310001
guildford,e07000209,2021,679.729068802
guildford,e07000209,2022,651.052699252
hackney,e09000012,2005,951.855203304
hackney,e09000012,2006,960.7895774269999
hackney,e09000012,2007,935.0275524909999
hackney,e09000012,2008,923.870950552
hackney,e09000012,2009,847.136452877
hackney,e09000012,2010,903.659543755
hackney,e09000012,2011,837.975161242
hackney,e09000012,2012,927.76192474
hackney,e09000012,2013,903.584394083
hackney,e09000012,2014,787.734060636
hackney,e09000012,2015,753.22438891
hackney,e09000012,2016,698.062927201
hackney,e09000012,2017,660.536371088
hackney,e09000012,2018,652.7549394600001
hackney,e09000012,2019,614.051755769
hackney,e09000012,2020,558.6129907220001
hackney,e09000012,2021,586.96918624
hackney,e09000012,2022,540.946584948
halton,e06000006,2005,1188.807545689
halton,e06000006,2006,1095.155660584
halton,e06000006,2007,1084.633513409
halton,e06000006,2008,1086.124147121
halton,e06000006,2009,980.623051723
halton,e06000006,2010,904.651987285
halton,e06000006,2011,930.963421549
halton,e06000006,2012,995.41602202
halton,e06000006,2013,861.998350379
halton,e06000006,2014,761.377341021
halton,e06000006,2015,714.275368849
halton,e06000006,2016,673.875798471
halton,e06000006,2017,641.49612023
halton,e06000006,2018,657.247896867
halton,e06000006,2019,614.938024055
halton,e06000006,2020,563.679442451
halton,e06000006,2021,587.576960826
halton,e06000006,2022,539.995136602
hammersmith and fulham,e09000013,2005,1119.286275045
hammersmith and fulham,e09000013,2006,1148.329811759
hammersmith and fulham,e09000013,2007,1120.690875293
hammersmith and fulham,e09000013,2008,1103.964357539
hammersmith and fulham,e09000013,2009,1042.285203986
hammersmith and fulham,e09000013,2010,1095.052304526
hammersmith and fulham,e09000013,2011,992.584201507
hammersmith and fulham,e09000013,2012,1037.830734419
hammersmith and fulham,e09000013,2013,998.920391322
hammersmith and fulham,e09000013,2014,857.085754081
hammersmith and fulham,e09000013,2015,808.22749346
hammersmith and fulham,e09000013,2016,750.996174292
hammersmith and fulham,e09000013,2017,706.251257461
hammersmith and fulham,e09000013,2018,706.825860263
hammersmith and fulham,e09000013,2019,650.336115475
hammersmith and fulham,e09000013,2020,583.601048775
hammersmith and fulham,e09000013,2021,623.397260283
hammersmith and fulham,e09000013,2022,586.003837093
harborough,e07000131,2005,640.821491787
harborough,e07000131,2006,634.225036523
harborough,e07000131,2007,621.927626057
harborough,e07000131,2008,614.463455638
harborough,e07000131,2009,577.383555259
harborough,e07000131,2010,603.307776802
harborough,e07000131,2011,544.347536163
harborough,e07000131,2012,558.574605313
harborough,e07000131,2013,560.710003648
harborough,e07000131,2014,522.885523849
harborough,e07000131,2015,505.564926478
harborough,e07000131,2016,488.365985965
harborough,e07000131,2017,468.75559062
harborough,e07000131,2018,464.633230722
harborough,e07000131,2019,445.690267598
harborough,e07000131,2020,400.317248347
harborough,e07000131,2021,428.406852303
harborough,e07000131,2022,413.83714953099997
haringey,e09000014,2005,1090.037329337
haringey,e09000014,2006,1093.915261577
haringey,e09000014,2007,1035.2568639869999
haringey,e09000014,2008,1053.995665353
haringey,e09000014,2009,959.8816012709999
haringey,e09000014,2010,1003.374669965
haringey,e09000014,2011,904.568242062
haringey,e09000014,2012,951.90529698
haringey,e09000014,2013,924.891361376
haringey,e09000014,2014,815.393656072
haringey,e09000014,2015,779.992207677
haringey,e09000014,2016,745.0786022030001
haringey,e09000014,2017,698.9735798739999
haringey,e09000014,2018,696.852368271
haringey,e09000014,2019,660.216798765
haringey,e09000014,2020,612.6908929370001
haringey,e09000014,2021,638.441695105
haringey,e09000014,2022,591.5243663699999
harlow,e07000073,2005,601.2912001560001
harlow,e07000073,2006,594.0940218659999
harlow,e07000073,2007,569.556488639
harlow,e07000073,2008,559.312073782
harlow,e07000073,2009,503.977843754
harlow,e07000073,2010,521.373410481
harlow,e07000073,2011,454.574504113
harlow,e07000073,2012,468.63451507
harlow,e07000073,2013,445.476264436
harlow,e07000073,2014,390.397616133
harlow,e07000073,2015,425.164888723
harlow,e07000073,2016,367.37473309399996
harlow,e07000073,2017,327.732557865
harlow,e07000073,2018,343.462491484
harlow,e07000073,2019,324.43984809200003
harlow,e07000073,2020,293.00736049
harlow,e07000073,2021,325.43965701
harlow,e07000073,2022,304.641447772
harrow,e09000015,2005,1036.813940492
harrow,e09000015,2006,1020.957609743
harrow,e09000015,2007,997.171581756
harrow,e09000015,2008,989.820793798
harrow,e09000015,2009,894.65443136
harrow,e09000015,2010,979.369826716
harrow,e09000015,2011,877.657928772
harrow,e09000015,2012,933.809329556
harrow,e09000015,2013,903.045587779
harrow,e09000015,2014,789.521499373
harrow,e09000015,2015,760.991595704
harrow,e09000015,2016,715.940102628
harrow,e09000015,2017,678.549719726
harrow,e09000015,2018,678.058225841
harrow,e09000015,2019,650.157509787
harrow,e09000015,2020,594.908975069
harrow,e09000015,2021,601.464770631
harrow,e09000015,2022,545.565978802
hart,e07000089,2005,548.486245597
hart,e07000089,2006,552.771731419
hart,e07000089,2007,542.09120318
hart,e07000089,2008,540.761754796
hart,e07000089,2009,499.647600456
hart,e07000089,2010,514.4201660909999
hart,e07000089,2011,465.45441242199996
hart,e07000089,2012,484.767970848
hart,e07000089,2013,473.000669852
hart,e07000089,2014,429.648410752
hart,e07000089,2015,428.494294573
hart,e07000089,2016,415.820490985
hart,e07000089,2017,401.016775526
hart,e07000089,2018,398.450589352
hart,e07000089,2019,384.396342529
hart,e07000089,2020,350.447983413
hart,e07000089,2021,368.706978688
hart,e07000089,2022,343.566944346
hartlepool,e06000001,2005,708.897234692
hartlepool,e06000001,2006,705.90147126
hartlepool,e06000001,2007,672.824348919
hartlepool,e06000001,2008,662.924762942
hartlepool,e06000001,2009,603.810464655
hartlepool,e06000001,2010,643.232039709
hartlepool,e06000001,2011,533.804699564
hartlepool,e06000001,2012,609.81842152
hartlepool,e06000001,2013,580.576003719
hartlepool,e06000001,2014,513.1658463260001
hartlepool,e06000001,2015,493.885946591
hartlepool,e06000001,2016,457.621034232
hartlepool,e06000001,2017,442.859884371
hartlepool,e06000001,2018,430.894717185
hartlepool,e06000001,2019,418.44596212199997
hartlepool,e06000001,2020,403.848789222
hartlepool,e06000001,2021,438.718482681
hartlepool,e06000001,2022,384.11435929
hastings,e07000062,2005,440.519013486
hastings,e07000062,2006,441.263810583
hastings,e07000062,2007,421.185688126
hastings,e07000062,2008,412.89633871899997
hastings,e07000062,2009,378.598943716
hastings,e07000062,2010,397.9972347
hastings,e07000062,2011,358.79403632599997
hastings,e07000062,2012,379.233473845
hastings,e07000062,2013,364.912104543
hastings,e07000062,2014,319.626588176
hastings,e07000062,2015,305.058126898
hastings,e07000062,2016,282.021818252
hastings,e07000062,2017,268.581786647
hastings,e07000062,2018,261.075473622
hastings,e07000062,2019,250.782737698
hastings,e07000062,2020,229.701388203
hastings,e07000062,2021,238.57648275399998
hastings,e07000062,2022,217.026780832
havant,e07000090,2005,654.600327028
havant,e07000090,2006,653.161932142
havant,e07000090,2007,634.228591848
havant,e07000090,2008,618.84369539
havant,e07000090,2009,560.840116199
havant,e07000090,2010,587.338544762
havant,e07000090,2011,534.060526945
havant,e07000090,2012,560.539743545
havant,e07000090,2013,541.615780343
havant,e07000090,2014,487.872857037
havant,e07000090,2015,464.480893238
havant,e07000090,2016,441.230333974
havant,e07000090,2017,419.989665055
havant,e07000090,2018,407.78452257099997
havant,e07000090,2019,384.282112731
havant,e07000090,2020,347.277891971
havant,e07000090,2021,360.034193683
havant,e07000090,2022,335.47214463899996
havering,e09000016,2005,1206.117965751
havering,e09000016,2006,1203.557064868
havering,e09000016,2007,1157.680087839
havering,e09000016,2008,1133.965588825
havering,e09000016,2009,1044.129133027
havering,e09000016,2010,1141.031377305
havering,e09000016,2011,1009.4632357749999
havering,e09000016,2012,1066.939133479
havering,e09000016,2013,1045.225689979
havering,e09000016,2014,927.2094044849999
havering,e09000016,2015,889.6577373060001
havering,e09000016,2016,845.526576503
havering,e09000016,2017,810.999446161
havering,e09000016,2018,812.081288276
havering,e09000016,2019,771.405215666
havering,e09000016,2020,713.828583536
havering,e09000016,2021,763.3713124569999
havering,e09000016,2022,697.749763634
"herefordshire, county of",e06000019,2005,1584.991209364
"herefordshire, county of",e06000019,2006,1587.768014581
"herefordshire, county of",e06000019,2007,1574.775601257
"herefordshire, county of",e06000019,2008,1562.280479593
"herefordshire, county of",e06000019,2009,1450.664232805
"herefordshire, county of",e06000019,2010,1484.208883076
"herefordshire, county of",e06000019,2011,1360.410172693
"herefordshire, county of",e06000019,2012,1416.024341159
"herefordshire, county of",e06000019,2013,1365.994252575
"herefordshire, county of",e06000019,2014,1279.855109758
"herefordshire, county of",e06000019,2015,1266.526657288
"herefordshire, county of",e06000019,2016,1201.4798815880001
"herefordshire, county of",e06000019,2017,1169.231742572
"herefordshire, county of",e06000019,2018,1186.344230715
"herefordshire, county of",e06000019,2019,1135.220212648
"herefordshire, county of",e06000019,2020,1035.696964493
"herefordshire, county of",e06000019,2021,1103.513696382
"herefordshire, county of",e06000019,2022,1058.312721343
hertsmere,e07000098,2005,683.184385128
hertsmere,e07000098,2006,691.169139075
hertsmere,e07000098,2007,680.3090218570001
hertsmere,e07000098,2008,669.415701806
hertsmere,e07000098,2009,613.5599916259999
hertsmere,e07000098,2010,633.560227437
hertsmere,e07000098,2011,579.283752966
hertsmere,e07000098,2012,609.459706578
hertsmere,e07000098,2013,596.155607359
hertsmere,e07000098,2014,528.909906916
hertsmere,e07000098,2015,506.961449763
hertsmere,e07000098,2016,483.33711442199996
hertsmere,e07000098,2017,458.13427951
hertsmere,e07000098,2018,451.597601849
hertsmere,e07000098,2019,424.726706678
hertsmere,e07000098,2020,385.385735215
hertsmere,e07000098,2021,404.277675323
hertsmere,e07000098,2022,379.481836312
high peak,e07000037,2005,914.504011121
high peak,e07000037,2006,908.57984909
high peak,e07000037,2007,882.78161897
high peak,e07000037,2008,847.020831256
high peak,e07000037,2009,757.780918214
high peak,e07000037,2010,809.946812066
high peak,e07000037,2011,751.179899564
high peak,e07000037,2012,772.246242993
high peak,e07000037,2013,747.541258266
high peak,e07000037,2014,686.125392196
high peak,e07000037,2015,715.216168132
high peak,e07000037,2016,685.280818276
high peak,e07000037,2017,651.871718823
high peak,e07000037,2018,691.199845464
high peak,e07000037,2019,652.605919743
high peak,e07000037,2020,609.130969103
high peak,e07000037,2021,696.929617375
high peak,e07000037,2022,672.516602359
hillingdon,e09000017,2005,2258.257272725
hillingdon,e09000017,2006,2245.593413878
hillingdon,e09000017,2007,2135.212953856
hillingdon,e09000017,2008,2220.079362989
hillingdon,e09000017,2009,1973.9783651340001
hillingdon,e09000017,2010,2003.39058261
hillingdon,e09000017,2011,1741.304086005
hillingdon,e09000017,2012,1976.441341918
hillingdon,e09000017,2013,1919.669692971
hillingdon,e09000017,2014,1615.572482243
hillingdon,e09000017,2015,1558.4944531909998
hillingdon,e09000017,2016,1477.822950729
hillingdon,e09000017,2017,1414.2315211110001
hillingdon,e09000017,2018,1391.507561778
hillingdon,e09000017,2019,1338.140390216
hillingdon,e09000017,2020,1114.806644928
hillingdon,e09000017,2021,1222.074009486
hillingdon,e09000017,2022,1201.812853547
hinckley and bosworth,e07000132,2005,756.268094626
hinckley and bosworth,e07000132,2006,768.919560295
hinckley and bosworth,e07000132,2007,717.935997652
hinckley and bosworth,e07000132,2008,697.057981859
hinckley and bosworth,e07000132,2009,618.024813494
hinckley and bosworth,e07000132,2010,656.273383667
hinckley and bosworth,e07000132,2011,585.204123851
hinckley and bosworth,e07000132,2012,633.627651646
hinckley and bosworth,e07000132,2013,618.997360156
hinckley and bosworth,e07000132,2014,574.950853462
hinckley and bosworth,e07000132,2015,558.825287162
hinckley and bosworth,e07000132,2016,533.865034253
hinckley and bosworth,e07000132,2017,521.426036783
hinckley and bosworth,e07000132,2018,509.86072292
hinckley and bosworth,e07000132,2019,482.658297347
hinckley and bosworth,e07000132,2020,449.423195308
hinckley and bosworth,e07000132,2021,485.677834186
hinckley and bosworth,e07000132,2022,457.39701340700003
horsham,e07000227,2005,971.518071007
horsham,e07000227,2006,972.518443121
horsham,e07000227,2007,951.3325749
horsham,e07000227,2008,923.964098012
horsham,e07000227,2009,846.139369375
horsham,e07000227,2010,886.313509976
horsham,e07000227,2011,821.446160355
horsham,e07000227,2012,852.835121193
horsham,e07000227,2013,821.898950066
horsham,e07000227,2014,749.1128824259999
horsham,e07000227,2015,738.371665932
horsham,e07000227,2016,720.184768469
horsham,e07000227,2017,691.140121893
horsham,e07000227,2018,689.307038671
horsham,e07000227,2019,647.751191993
horsham,e07000227,2020,580.544994543
horsham,e07000227,2021,601.17080012
horsham,e07000227,2022,572.154322597
hounslow,e09000018,2005,1593.819027498
hounslow,e09000018,2006,1614.851106799
hounslow,e09000018,2007,1579.106822938
hounslow,e09000018,2008,1502.761798513
hounslow,e09000018,2009,1398.05944443
hounslow,e09000018,2010,1500.706280698
hounslow,e09000018,2011,1383.697535882
hounslow,e09000018,2012,1450.43355394
hounslow,e09000018,2013,1397.521340013
hounslow,e09000018,2014,1234.370864761
hounslow,e09000018,2015,1129.960666209
hounslow,e09000018,2016,1057.365184841
hounslow,e09000018,2017,992.30749292
hounslow,e09000018,2018,982.553514811
hounslow,e09000018,2019,924.5396256060001
hounslow,e09000018,2020,815.615780779
hounslow,e09000018,2021,894.086030665
hounslow,e09000018,2022,850.740278379
huntingdonshire,e07000011,2005,1477.987165229
huntingdonshire,e07000011,2006,1465.564985382
huntingdonshire,e07000011,2007,1438.759067054
huntingdonshire,e07000011,2008,1393.827639436
huntingdonshire,e07000011,2009,1260.844054207
huntingdonshire,e07000011,2010,1322.927995541
huntingdonshire,e07000011,2011,1230.4814693399999
huntingdonshire,e07000011,2012,1274.43595931
huntingdonshire,e07000011,2013,1242.9669847100001
huntingdonshire,e07000011,2014,1164.3610594
huntingdonshire,e07000011,2015,1121.959135209
huntingdonshire,e07000011,2016,1084.672103439
huntingdonshire,e07000011,2017,1071.000764611
huntingdonshire,e07000011,2018,1056.9785284069999
huntingdonshire,e07000011,2019,1010.438603175
huntingdonshire,e07000011,2020,967.321005822
huntingdonshire,e07000011,2021,1024.788593752
huntingdonshire,e07000011,2022,977.324131471
hyndburn,e07000120,2005,529.783503409
hyndburn,e07000120,2006,522.782789536
hyndburn,e07000120,2007,505.848984164
hyndburn,e07000120,2008,497.619356878
hyndburn,e07000120,2009,438.975122901
hyndburn,e07000120,2010,464.459591084
hyndburn,e07000120,2011,416.328276916
hyndburn,e07000120,2012,434.440556269
hyndburn,e07000120,2013,422.215944977
hyndburn,e07000120,2014,386.381445884
hyndburn,e07000120,2015,380.47990488799996
hyndburn,e07000120,2016,347.83549498
hyndburn,e07000120,2017,343.018321659
hyndburn,e07000120,2018,350.424873997
hyndburn,e07000120,2019,350.202755208
hyndburn,e07000120,2020,317.939923664
hyndburn,e07000120,2021,345.8054551
hyndburn,e07000120,2022,307.51506538900003
ipswich,e07000202,2005,742.386103423
ipswich,e07000202,2006,727.750654298
ipswich,e07000202,2007,703.5883377609999
ipswich,e07000202,2008,685.030431679
ipswich,e07000202,2009,621.00387311
ipswich,e07000202,2010,648.992977212
ipswich,e07000202,2011,576.382957585
ipswich,e07000202,2012,603.330052113
ipswich,e07000202,2013,588.057827244
ipswich,e07000202,2014,515.403265038
ipswich,e07000202,2015,496.33589129
ipswich,e07000202,2016,458.595759133
ipswich,e07000202,2017,441.412920803
ipswich,e07000202,2018,429.418516768
ipswich,e07000202,2019,399.553140852
ipswich,e07000202,2020,363.453991317
ipswich,e07000202,2021,381.885169301
ipswich,e07000202,2022,352.700539313
isle of wight,e06000046,2005,805.343046315
isle of wight,e06000046,2006,789.9650755370001
isle of wight,e06000046,2007,763.51247922
isle of wight,e06000046,2008,752.546054451
isle of wight,e06000046,2009,668.574997576
isle of wight,e06000046,2010,752.3051328
isle of wight,e06000046,2011,668.867040569
isle of wight,e06000046,2012,704.839341438
isle of wight,e06000046,2013,667.988465769
isle of wight,e06000046,2014,606.192811449
isle of wight,e06000046,2015,593.811532392
isle of wight,e06000046,2016,571.061233774
isle of wight,e06000046,2017,540.260630251
isle of wight,e06000046,2018,524.330484001
isle of wight,e06000046,2019,493.186744336
isle of wight,e06000046,2020,450.954618523
isle of wight,e06000046,2021,481.706505126
isle of wight,e06000046,2022,448.16973662099997
isles of scilly,e06000053,2005,14.616829197
isles of scilly,e06000053,2006,13.186120236999999
isles of scilly,e06000053,2007,13.653614278
isles of scilly,e06000053,2008,13.634809873
isles of scilly,e06000053,2009,12.31160807
isles of scilly,e06000053,2010,13.508766483
isles of scilly,e06000053,2011,11.797593815
isles of scilly,e06000053,2012,13.268440335
isles of scilly,e06000053,2013,12.056654837
isles of scilly,e06000053,2014,11.594494117
isles of scilly,e06000053,2015,11.409381018
isles of scilly,e06000053,2016,9.719660319
isles of scilly,e06000053,2017,10.130278636
isles of scilly,e06000053,2018,9.967672059
isles of scilly,e06000053,2019,9.393735152
isles of scilly,e06000053,2020,7.299765473
isles of scilly,e06000053,2021,7.815271537
isles of scilly,e06000053,2022,8.474249555
islington,e09000019,2005,1240.443382937
islington,e09000019,2006,1278.007353559
islington,e09000019,2007,1243.525063851
islington,e09000019,2008,1255.32590944
islington,e09000019,2009,1142.231857842
islington,e09000019,2010,1206.924198765
islington,e09000019,2011,1067.2850063829999
islington,e09000019,2012,1163.2772729390001
islington,e09000019,2013,1093.647018785
islington,e09000019,2014,958.729403495
islington,e09000019,2015,877.817471141
islington,e09000019,2016,813.406413435
islington,e09000019,2017,746.245317332
islington,e09000019,2018,729.094884887
islington,e09000019,2019,670.184750798
islington,e09000019,2020,592.901758817
islington,e09000019,2021,632.300812314
islington,e09000019,2022,598.632300606
kensington and chelsea,e09000020,2005,1423.517484314
kensington and chelsea,e09000020,2006,1456.432514325
kensington and chelsea,e09000020,2007,1404.696368826
kensington and chelsea,e09000020,2008,1401.106072758
kensington and chelsea,e09000020,2009,1303.328921951
kensington and chelsea,e09000020,2010,1446.274435734
kensington and chelsea,e09000020,2011,1345.779140367
kensington and chelsea,e09000020,2012,1381.171377716
kensington and chelsea,e09000020,2013,1258.221745496
kensington and chelsea,e09000020,2014,1121.854437355
kensington and chelsea,e09000020,2015,1053.231983309
kensington and chelsea,e09000020,2016,941.201708944
kensington and chelsea,e09000020,2017,839.905153966
kensington and chelsea,e09000020,2018,813.8643878409999
kensington and chelsea,e09000020,2019,756.576257182
kensington and chelsea,e09000020,2020,666.199862069
kensington and chelsea,e09000020,2021,731.0569799460001
kensington and chelsea,e09000020,2022,700.178762
king's lynn and west norfolk,e07000146,2005,1514.882665209
king's lynn and west norfolk,e07000146,2006,1550.341297269
king's lynn and west norfolk,e07000146,2007,1593.559420677
king's lynn and west norfolk,e07000146,2008,1699.335786622
king's lynn and west norfolk,e07000146,2009,1658.040927209
king's lynn and west norfolk,e07000146,2010,1827.397886124
king's lynn and west norfolk,e07000146,2011,1658.981706777
king's lynn and west norfolk,e07000146,2012,1661.3773867520001
king's lynn and west norfolk,e07000146,2013,1669.742645869
king's lynn and west norfolk,e07000146,2014,1493.887052405
king's lynn and west norfolk,e07000146,2015,1259.158442592
king's lynn and west norfolk,e07000146,2016,1018.693483021
king's lynn and west norfolk,e07000146,2017,996.760275524
king's lynn and west norfolk,e07000146,2018,949.756688677
king's lynn and west norfolk,e07000146,2019,885.45580851
king's lynn and west norfolk,e07000146,2020,776.763650507
king's lynn and west norfolk,e07000146,2021,815.091940551
king's lynn and west norfolk,e07000146,2022,776.18226745
"kingston upon hull, city of",e06000010,2005,1871.025993516
"kingston upon hull, city of",e06000010,2006,1818.5369068720001
"kingston upon hull, city of",e06000010,2007,1737.539586768
"kingston upon hull, city of",e06000010,2008,1696.428911161
"kingston upon hull, city of",e06000010,2009,1528.646191771
"kingston upon hull, city of",e06000010,2010,1599.258418677
"kingston upon hull, city of",e06000010,2011,1452.637430569
"kingston upon hull, city of",e06000010,2012,1496.656794001
"kingston upon hull, city of",e06000010,2013,1480.870967453
"kingston upon hull, city of",e06000010,2014,1339.390881911
"kingston upon hull, city of",e06000010,2015,1291.804043608
"kingston upon hull, city of",e06000010,2016,1217.571567572
"kingston upon hull, city of",e06000010,2017,1190.119587544
"kingston upon hull, city of",e06000010,2018,1173.476746357
"kingston upon hull, city of",e06000010,2019,1135.830715175
"kingston upon hull, city of",e06000010,2020,1020.716121868
"kingston upon hull, city of",e06000010,2021,1031.123863475
"kingston upon hull, city of",e06000010,2022,959.194635407
kingston upon thames,e09000021,2005,927.798635883
kingston upon thames,e09000021,2006,912.331801188
kingston upon thames,e09000021,2007,899.971427262
kingston upon thames,e09000021,2008,877.020657013
kingston upon thames,e09000021,2009,812.76633493
kingston upon thames,e09000021,2010,857.672354811
kingston upon thames,e09000021,2011,775.1493772140001
kingston upon thames,e09000021,2012,811.050101818
kingston upon thames,e09000021,2013,793.798606307
kingston upon thames,e09000021,2014,704.668970368
kingston upon thames,e09000021,2015,683.300739264
kingston upon thames,e09000021,2016,655.520668867
kingston upon thames,e09000021,2017,626.968233953
kingston upon thames,e09000021,2018,624.066507583
kingston upon thames,e09000021,2019,593.107236482
kingston upon thames,e09000021,2020,529.500871897
kingston upon thames,e09000021,2021,574.16590539
kingston upon thames,e09000021,2022,527.735141706
kirklees,e08000034,2005,2697.8686504469997
kirklees,e08000034,2006,2639.715462676
kirklees,e08000034,2007,2513.045538803
kirklees,e08000034,2008,2447.561542424
kirklees,e08000034,2009,2241.566430679
kirklees,e08000034,2010,2375.272459188
kirklees,e08000034,2011,2162.902569104
kirklees,e08000034,2012,2175.070305887
kirklees,e08000034,2013,2175.759365518
kirklees,e08000034,2014,2009.408686483
kirklees,e08000034,2015,1949.238527279
kirklees,e08000034,2016,1841.469449715
kirklees,e08000034,2017,1741.868929959
kirklees,e08000034,2018,1733.923460728
kirklees,e08000034,2019,1672.903235679
kirklees,e08000034,2020,1494.255901068
kirklees,e08000034,2021,1576.2139804390001
kirklees,e08000034,2022,1421.1475551
knowsley,e08000011,2005,1263.053097895
knowsley,e08000011,2006,1222.87164961
knowsley,e08000011,2007,1160.21875266
knowsley,e08000011,2008,1054.8355648489999
knowsley,e08000011,2009,987.135883874
knowsley,e08000011,2010,1051.939013055
knowsley,e08000011,2011,973.143212089
knowsley,e08000011,2012,1009.569967679
knowsley,e08000011,2013,963.992182444
knowsley,e08000011,2014,885.075676325
knowsley,e08000011,2015,834.182554325
knowsley,e08000011,2016,779.908867546
knowsley,e08000011,2017,746.779422582
knowsley,e08000011,2018,714.096113754
knowsley,e08000011,2019,683.308315864
knowsley,e08000011,2020,599.121139255
knowsley,e08000011,2021,658.801205316
knowsley,e08000011,2022,580.07899895
lambeth,e09000022,2005,1477.710565779
lambeth,e09000022,2006,1483.532218655
lambeth,e09000022,2007,1435.215163395
lambeth,e09000022,2008,1423.58689728
lambeth,e09000022,2009,1329.810091918
lambeth,e09000022,2010,1385.63873654
lambeth,e09000022,2011,1267.776952534
lambeth,e09000022,2012,1328.256381163
lambeth,e09000022,2013,1304.271352394
lambeth,e09000022,2014,1132.888353243
lambeth,e09000022,2015,1084.859722613
lambeth,e09000022,2016,1022.729882435
lambeth,e09000022,2017,952.306768293
lambeth,e09000022,2018,936.040049209
lambeth,e09000022,2019,898.679220107
lambeth,e09000022,2020,817.517943623
lambeth,e09000022,2021,875.660535189
lambeth,e09000022,2022,803.510743851
lancaster,e07000121,2005,921.212187697
lancaster,e07000121,2006,898.216691379
lancaster,e07000121,2007,864.945507882
lancaster,e07000121,2008,872.725810409
lancaster,e07000121,2009,787.715419709
lancaster,e07000121,2010,831.63433358299994
lancaster,e07000121,2011,752.443335813
lancaster,e07000121,2012,797.3858194219999
lancaster,e07000121,2013,776.591826189
lancaster,e07000121,2014,700.90397664
lancaster,e07000121,2015,676.158193903
lancaster,e07000121,2016,629.384420349
lancaster,e07000121,2017,610.940971541
lancaster,e07000121,2018,625.973013088
lancaster,e07000121,2019,604.665753786
lancaster,e07000121,2020,540.145190796
lancaster,e07000121,2021,574.439103745
lancaster,e07000121,2022,531.360016072
leeds,e08000035,2005,5114.301614763
leeds,e08000035,2006,5072.088525922
leeds,e08000035,2007,4914.328089741
leeds,e08000035,2008,4820.3757662319995
leeds,e08000035,2009,4384.016804155
leeds,e08000035,2010,4596.154544765
leeds,e08000035,2011,4184.899569752
leeds,e08000035,2012,4400.565662245
leeds,e08000035,2013,4280.791793534
leeds,e08000035,2014,3806.196369498
leeds,e08000035,2015,3627.7317031430002
leeds,e08000035,2016,3441.8694731739997
leeds,e08000035,2017,3318.165322664
leeds,e08000035,2018,3323.239728938
leeds,e08000035,2019,3199.0676073600002
leeds,e08000035,2020,2836.261798504
leeds,e08000035,2021,2889.963226763
leeds,e08000035,2022,2689.8764618200003
leicester,e06000016,2005,2248.80935309
leicester,e06000016,2006,2195.783253912
leicester,e06000016,2007,2119.432584207
leicester,e06000016,2008,2043.238209413
leicester,e06000016,2009,1862.242522837
leicester,e06000016,2010,1929.656311782
leicester,e06000016,2011,1763.315992388
leicester,e06000016,2012,1885.460398651
leicester,e06000016,2013,1819.926562845
leicester,e06000016,2014,1604.510770247
leicester,e06000016,2015,1510.174848208
leicester,e06000016,2016,1421.967007938
leicester,e06000016,2017,1366.2813216920001
leicester,e06000016,2018,1363.060313124
leicester,e06000016,2019,1329.477009469
leicester,e06000016,2020,1216.327252947
leicester,e06000016,2021,1312.6409647110002
leicester,e06000016,2022,1272.233222179
lewes,e07000063,2005,600.050239477
lewes,e07000063,2006,595.852878399
lewes,e07000063,2007,565.770348131
lewes,e07000063,2008,563.667598356
lewes,e07000063,2009,515.54657459
lewes,e07000063,2010,539.694753008
lewes,e07000063,2011,493.10701995
lewes,e07000063,2012,512.214425561
lewes,e07000063,2013,506.237877437
lewes,e07000063,2014,460.823659652
lewes,e07000063,2015,446.342390018
lewes,e07000063,2016,431.137470423
lewes,e07000063,2017,415.608500645
lewes,e07000063,2018,409.859883049
lewes,e07000063,2019,393.08112775899997
lewes,e07000063,2020,352.817759431
lewes,e07000063,2021,366.869373743
lewes,e07000063,2022,345.30785139200003
lewisham,e09000023,2005,1217.034095081
lewisham,e09000023,2006,1199.234687033
lewisham,e09000023,2007,1166.017908472
lewisham,e09000023,2008,1102.600494574
lewisham,e09000023,2009,1016.582373988
lewisham,e09000023,2010,1059.46805792
lewisham,e09000023,2011,966.885277943
lewisham,e09000023,2012,1004.424685059
lewisham,e09000023,2013,969.401884795
lewisham,e09000023,2014,859.865128894
lewisham,e09000023,2015,850.139494755
lewisham,e09000023,2016,810.242127147
lewisham,e09000023,2017,769.9609340779999
lewisham,e09000023,2018,767.132578886
lewisham,e09000023,2019,737.698930874
lewisham,e09000023,2020,667.384390851
lewisham,e09000023,2021,684.326897156
lewisham,e09000023,2022,625.649518513
lichfield,e07000194,2005,776.774402947
lichfield,e07000194,2006,791.005784511
lichfield,e07000194,2007,788.073366832
lichfield,e07000194,2008,775.577575639
lichfield,e07000194,2009,704.598769618
lichfield,e07000194,2010,728.274450442
lichfield,e07000194,2011,689.474595047
lichfield,e07000194,2012,713.354155786
lichfield,e07000194,2013,708.305054299
lichfield,e07000194,2014,652.938364355
lichfield,e07000194,2015,644.809326642
lichfield,e07000194,2016,619.614457346
lichfield,e07000194,2017,602.982885712
lichfield,e07000194,2018,591.229913134
lichfield,e07000194,2019,569.2903238069999
lichfield,e07000194,2020,496.144022551
lichfield,e07000194,2021,554.171717534
lichfield,e07000194,2022,517.280704101
lincoln,e07000138,2005,566.945038274
lincoln,e07000138,2006,564.7761390219999
lincoln,e07000138,2007,546.32535725
lincoln,e07000138,2008,532.495263679
lincoln,e07000138,2009,469.41666649
lincoln,e07000138,2010,497.089486967
lincoln,e07000138,2011,450.240166067
lincoln,e07000138,2012,487.125230989
lincoln,e07000138,2013,480.921728615
lincoln,e07000138,2014,420.439825895
lincoln,e07000138,2015,393.602213757
lincoln,e07000138,2016,365.137154896
lincoln,e07000138,2017,354.363223464
lincoln,e07000138,2018,352.541882863
lincoln,e07000138,2019,333.24629901
lincoln,e07000138,2020,293.663730913
lincoln,e07000138,2021,325.426137651
lincoln,e07000138,2022,303.737688101
liverpool,e08000012,2005,2962.629054047
liverpool,e08000012,2006,2926.075594786
liverpool,e08000012,2007,2894.547673335
liverpool,e08000012,2008,2797.649075315
liverpool,e08000012,2009,2554.671638828
liverpool,e08000012,2010,2665.040027944
liverpool,e08000012,2011,2467.376933981
liverpool,e08000012,2012,2620.891619067
liverpool,e08000012,2013,2522.866079027
liverpool,e08000012,2014,2195.534502285
liverpool,e08000012,2015,2147.684695427
liverpool,e08000012,2016,2005.93553561
liverpool,e08000012,2017,1949.673185779
liverpool,e08000012,2018,1932.445248925
liverpool,e08000012,2019,1860.808678019
liverpool,e08000012,2020,1654.602458997
liverpool,e08000012,2021,1717.416877359
liverpool,e08000012,2022,1578.025982033
luton,e06000032,2005,1078.921674966
luton,e06000032,2006,1086.241052052
luton,e06000032,2007,1040.194526449
luton,e06000032,2008,1011.42290224
luton,e06000032,2009,911.944686934
luton,e06000032,2010,970.988924616
luton,e06000032,2011,870.838169571
luton,e06000032,2012,909.5834768779999
luton,e06000032,2013,872.298984221
luton,e06000032,2014,776.212356261
luton,e06000032,2015,748.186262867
luton,e06000032,2016,710.048131665
luton,e06000032,2017,682.319206188
luton,e06000032,2018,661.397833465
luton,e06000032,2019,622.147113709
luton,e06000032,2020,551.220819428
luton,e06000032,2021,579.274692573
luton,e06000032,2022,552.159304886
maidstone,e07000110,2005,1001.199742431
maidstone,e07000110,2006,1015.658883193
maidstone,e07000110,2007,1008.747876149
maidstone,e07000110,2008,986.200375464
maidstone,e07000110,2009,908.740043311
maidstone,e07000110,2010,932.883908654
maidstone,e07000110,2011,849.131015299
maidstone,e07000110,2012,903.264385686
maidstone,e07000110,2013,910.895214641
maidstone,e07000110,2014,790.429881314
maidstone,e07000110,2015,740.122105055
maidstone,e07000110,2016,730.14598982
maidstone,e07000110,2017,704.283565059
maidstone,e07000110,2018,707.505240297
maidstone,e07000110,2019,680.037602029
maidstone,e07000110,2020,651.727775779
maidstone,e07000110,2021,686.0888592389999
maidstone,e07000110,2022,636.9963287960001
maldon,e07000074,2005,447.273422836
maldon,e07000074,2006,430.814251775
maldon,e07000074,2007,408.139840917
maldon,e07000074,2008,398.455722101
maldon,e07000074,2009,366.25429735299997
maldon,e07000074,2010,387.284848168
maldon,e07000074,2011,350.977896455
maldon,e07000074,2012,362.395305952
maldon,e07000074,2013,344.308917242
maldon,e07000074,2014,311.691221101
maldon,e07000074,2015,303.699427286
maldon,e07000074,2016,285.312317822
maldon,e07000074,2017,280.691942838
maldon,e07000074,2018,295.222654034
maldon,e07000074,2019,278.512553451
maldon,e07000074,2020,266.544222593
maldon,e07000074,2021,277.861845811
maldon,e07000074,2022,252.767425459
malvern hills,e07000235,2005,510.479281743
malvern hills,e07000235,2006,549.817814707
malvern hills,e07000235,2007,546.457850789
malvern hills,e07000235,2008,538.472459897
malvern hills,e07000235,2009,484.056844128
malvern hills,e07000235,2010,513.118601452
malvern hills,e07000235,2011,470.294823164
malvern hills,e07000235,2012,484.178515652
malvern hills,e07000235,2013,475.063809647
malvern hills,e07000235,2014,444.903170762
malvern hills,e07000235,2015,446.778687511
malvern hills,e07000235,2016,427.980831198
malvern hills,e07000235,2017,416.479199242
malvern hills,e07000235,2018,409.1375851
malvern hills,e07000235,2019,393.809763222
malvern hills,e07000235,2020,352.41834251800003
malvern hills,e07000235,2021,383.51128691
malvern hills,e07000235,2022,368.648285198
manchester,e08000003,2005,3231.501558167
manchester,e08000003,2006,3327.093387831
manchester,e08000003,2007,3177.259372304
manchester,e08000003,2008,3172.22309111
manchester,e08000003,2009,2836.061340704
manchester,e08000003,2010,3001.4234352050003
manchester,e08000003,2011,2714.145980979
manchester,e08000003,2012,2915.340457258
manchester,e08000003,2013,2827.05023533
manchester,e08000003,2014,2461.896679792
manchester,e08000003,2015,2369.732103189
manchester,e08000003,2016,2171.472715624
manchester,e08000003,2017,2067.429774396
manchester,e08000003,2018,2050.82915872
manchester,e08000003,2019,1977.7445638890001
manchester,e08000003,2020,1734.861106004
manchester,e08000003,2021,1817.397848925
manchester,e08000003,2022,1712.386877189
mansfield,e07000174,2005,615.247110979
mansfield,e07000174,2006,600.191850265
mansfield,e07000174,2007,581.5371098100001
mansfield,e07000174,2008,589.388383343
mansfield,e07000174,2009,526.554970069
mansfield,e07000174,2010,544.7356881869999
mansfield,e07000174,2011,480.485982954
mansfield,e07000174,2012,509.43473457
mansfield,e07000174,2013,507.517673533
mansfield,e07000174,2014,454.888607873
mansfield,e07000174,2015,443.425595226
mansfield,e07000174,2016,414.384829953
mansfield,e07000174,2017,407.075925962
mansfield,e07000174,2018,401.815631124
mansfield,e07000174,2019,385.717925431
mansfield,e07000174,2020,355.947634501
mansfield,e07000174,2021,391.741297498
mansfield,e07000174,2022,368.45476897000003
medway,e06000035,2005,1322.2566601839999
medway,e06000035,2006,1302.746057353
medway,e06000035,2007,1281.223327557
medway,e06000035,2008,1263.356170383
medway,e06000035,2009,1150.827428756
medway,e06000035,2010,1197.082393465
medway,e06000035,2011,1087.781415783
medway,e06000035,2012,1146.456940171
medway,e06000035,2013,1112.044239449
medway,e06000035,2014,986.203946987
medway,e06000035,2015,946.944509502
medway,e06000035,2016,892.481447782
medway,e06000035,2017,884.886959283
medway,e06000035,2018,850.662235353
medway,e06000035,2019,817.074112209
medway,e06000035,2020,748.693753643
medway,e06000035,2021,783.836655013
medway,e06000035,2022,753.925625846
melton,e07000133,2005,439.125722308
melton,e07000133,2006,430.529423907
melton,e07000133,2007,418.836399119
melton,e07000133,2008,414.744665397
melton,e07000133,2009,391.580955753
melton,e07000133,2010,404.469702741
melton,e07000133,2011,352.453416908
melton,e07000133,2012,392.58982843
melton,e07000133,2013,392.58026852
melton,e07000133,2014,358.118252202
melton,e07000133,2015,347.964587585
melton,e07000133,2016,328.791294466
melton,e07000133,2017,308.60808081199997
melton,e07000133,2018,307.245678921
melton,e07000133,2019,294.485025609
melton,e07000133,2020,265.1758321
melton,e07000133,2021,294.121766085
melton,e07000133,2022,275.033474877
merton,e09000024,2005,958.550089404
merton,e09000024,2006,939.8415641170001
merton,e09000024,2007,908.575813066
merton,e09000024,2008,987.503171694
merton,e09000024,2009,901.586605114
merton,e09000024,2010,948.992600389
merton,e09000024,2011,854.0312236240001
merton,e09000024,2012,893.96170968
merton,e09000024,2013,884.331905334
merton,e09000024,2014,766.723795345
merton,e09000024,2015,727.276847329
merton,e09000024,2016,687.329842824
merton,e09000024,2017,645.663344081
merton,e09000024,2018,645.76207735
merton,e09000024,2019,614.653273255
merton,e09000024,2020,554.556621009
merton,e09000024,2021,602.79110407
merton,e09000024,2022,553.2177455149999
mid devon,e07000042,2005,569.467771349
mid devon,e07000042,2006,569.736489364
mid devon,e07000042,2007,562.694591512
mid devon,e07000042,2008,565.936768682
mid devon,e07000042,2009,514.677946517
mid devon,e07000042,2010,529.557634994
mid devon,e07000042,2011,465.977764206
mid devon,e07000042,2012,516.225917864
mid devon,e07000042,2013,501.02932070099996
mid devon,e07000042,2014,443.112078987
mid devon,e07000042,2015,452.774478687
mid devon,e07000042,2016,439.509083156
mid devon,e07000042,2017,428.386452081
mid devon,e07000042,2018,421.963826882
mid devon,e07000042,2019,409.164192485
mid devon,e07000042,2020,376.287332753
mid devon,e07000042,2021,405.089977914
mid devon,e07000042,2022,389.33451979
mid suffolk,e07000203,2005,820.502957302
mid suffolk,e07000203,2006,821.822857321
mid suffolk,e07000203,2007,792.387605739
mid suffolk,e07000203,2008,786.579832658
mid suffolk,e07000203,2009,717.195225023
mid suffolk,e07000203,2010,775.224809036
mid suffolk,e07000203,2011,723.187921095
mid suffolk,e07000203,2012,741.533491097
mid suffolk,e07000203,2013,714.396652109
mid suffolk,e07000203,2014,660.358216948
mid suffolk,e07000203,2015,632.638405612
mid suffolk,e07000203,2016,627.465474922
mid suffolk,e07000203,2017,615.56717692
mid suffolk,e07000203,2018,613.083745554
mid suffolk,e07000203,2019,604.896582231
mid suffolk,e07000203,2020,533.563931887
mid suffolk,e07000203,2021,565.460378856
mid suffolk,e07000203,2022,549.263950927
mid sussex,e07000228,2005,917.31287529
mid sussex,e07000228,2006,919.188069307
mid sussex,e07000228,2007,904.502870892
mid sussex,e07000228,2008,884.749255623
mid sussex,e07000228,2009,832.436604109
mid sussex,e07000228,2010,863.159238189
mid sussex,e07000228,2011,797.008110602
mid sussex,e07000228,2012,829.115164185
mid sussex,e07000228,2013,809.717732103
mid sussex,e07000228,2014,740.098501086
mid sussex,e07000228,2015,728.359178449
mid sussex,e07000228,2016,706.75426348
mid sussex,e07000228,2017,683.853059323
mid sussex,e07000228,2018,675.115663189
mid sussex,e07000228,2019,644.933068103
mid sussex,e07000228,2020,567.793683387
mid sussex,e07000228,2021,592.468219091
mid sussex,e07000228,2022,556.46002865
middlesbrough,e06000002,2005,1108.482447327
middlesbrough,e06000002,2006,1105.549108201
middlesbrough,e06000002,2007,1106.27382549
middlesbrough,e06000002,2008,1025.007005537
middlesbrough,e06000002,2009,897.876124622
middlesbrough,e06000002,2010,905.6795765749999
middlesbrough,e06000002,2011,849.311334346
middlesbrough,e06000002,2012,882.120507296
middlesbrough,e06000002,2013,810.700982519
middlesbrough,e06000002,2014,733.2404114240001
middlesbrough,e06000002,2015,713.233323731
middlesbrough,e06000002,2016,670.190279646
middlesbrough,e06000002,2017,645.182240187
middlesbrough,e06000002,2018,656.22699515
middlesbrough,e06000002,2019,623.861148956
middlesbrough,e06000002,2020,561.492941727
middlesbrough,e06000002,2021,576.266270397
middlesbrough,e06000002,2022,570.2202166970001
milton keynes,e06000042,2005,1823.426679436
milton keynes,e06000042,2006,1845.766999855
milton keynes,e06000042,2007,1821.600251453
milton keynes,e06000042,2008,1814.3208938750001
milton keynes,e06000042,2009,1640.085921082
milton keynes,e06000042,2010,1680.759656409
milton keynes,e06000042,2011,1514.930348823
milton keynes,e06000042,2012,1644.482323747
milton keynes,e06000042,2013,1605.676820113
milton keynes,e06000042,2014,1435.912742134
milton keynes,e06000042,2015,1366.916578269
milton keynes,e06000042,2016,1285.2461567789999
milton keynes,e06000042,2017,1228.919963229
milton keynes,e06000042,2018,1191.350935122
milton keynes,e06000042,2019,1132.95691405
milton keynes,e06000042,2020,1020.171210794
milton keynes,e06000042,2021,1062.766132861
milton keynes,e06000042,2022,1013.9456279679999
mole valley,e07000210,2005,688.909589786
mole valley,e07000210,2006,678.836638308
mole valley,e07000210,2007,671.634105555
mole valley,e07000210,2008,652.115856402
mole valley,e07000210,2009,596.598218665
mole valley,e07000210,2010,615.133697114
mole valley,e07000210,2011,567.538369454
mole valley,e07000210,2012,595.306722064
mole valley,e07000210,2013,579.978468915
mole valley,e07000210,2014,524.897701951
mole valley,e07000210,2015,520.754855918
mole valley,e07000210,2016,483.230899449
mole valley,e07000210,2017,460.106719429
mole valley,e07000210,2018,459.597536537
mole valley,e07000210,2019,430.920563624
mole valley,e07000210,2020,388.411143739
mole valley,e07000210,2021,412.165542681
mole valley,e07000210,2022,388.247384359
new forest,e07000091,2005,1492.645313597
new forest,e07000091,2006,1383.135129854
new forest,e07000091,2007,1377.680821893
new forest,e07000091,2008,1344.8226544039999
new forest,e07000091,2009,1215.36484015
new forest,e07000091,2010,1251.733570579
new forest,e07000091,2011,1160.887243797
new forest,e07000091,2012,1183.637767557
new forest,e07000091,2013,1154.179544347
new forest,e07000091,2014,1077.884085604
new forest,e07000091,2015,1051.895970076
new forest,e07000091,2016,1029.513530031
new forest,e07000091,2017,991.834036849
new forest,e07000091,2018,984.9987866289999
new forest,e07000091,2019,931.861110911
new forest,e07000091,2020,852.659759156
new forest,e07000091,2021,904.859385567
new forest,e07000091,2022,846.302082674
newark and sherwood,e07000175,2005,1126.15722859
newark and sherwood,e07000175,2006,1107.689616229
newark and sherwood,e07000175,2007,1113.589929635
newark and sherwood,e07000175,2008,1099.047669063
newark and sherwood,e07000175,2009,1040.004140918
newark and sherwood,e07000175,2010,1096.004618726
newark and sherwood,e07000175,2011,1000.886182591
newark and sherwood,e07000175,2012,1062.667724955
newark and sherwood,e07000175,2013,1045.0215478759999
newark and sherwood,e07000175,2014,968.185059077
newark and sherwood,e07000175,2015,941.157385923
newark and sherwood,e07000175,2016,889.589327802
newark and sherwood,e07000175,2017,864.967888517
newark and sherwood,e07000175,2018,873.202600858
newark and sherwood,e07000175,2019,860.1688809240001
newark and sherwood,e07000175,2020,767.842944142
newark and sherwood,e07000175,2021,824.749846906
newark and sherwood,e07000175,2022,778.178361988
newcastle-under-lyme,e07000195,2005,795.902524656
newcastle-under-lyme,e07000195,2006,802.270818446
newcastle-under-lyme,e07000195,2007,789.105951949
newcastle-under-lyme,e07000195,2008,790.459715823
newcastle-under-lyme,e07000195,2009,718.717475216
newcastle-under-lyme,e07000195,2010,754.729806579
newcastle-under-lyme,e07000195,2011,705.025799903
newcastle-under-lyme,e07000195,2012,725.676824189
newcastle-under-lyme,e07000195,2013,720.174222965
newcastle-under-lyme,e07000195,2014,664.665546535
newcastle-under-lyme,e07000195,2015,659.037383888
newcastle-under-lyme,e07000195,2016,624.58343184
newcastle-under-lyme,e07000195,2017,599.458966735
newcastle-under-lyme,e07000195,2018,593.03016143
newcastle-under-lyme,e07000195,2019,556.358942762
newcastle-under-lyme,e07000195,2020,506.394902192
newcastle-under-lyme,e07000195,2021,556.5961266319999
newcastle-under-lyme,e07000195,2022,519.440156391
newcastle upon tyne,e08000021,2005,2029.880251366
newcastle upon tyne,e08000021,2006,1994.505826624
newcastle upon tyne,e08000021,2007,1930.580123431
newcastle upon tyne,e08000021,2008,1914.735120183
newcastle upon tyne,e08000021,2009,1768.783017816
newcastle upon tyne,e08000021,2010,1859.068552471
newcastle upon tyne,e08000021,2011,1682.403253363
newcastle upon tyne,e08000021,2012,1761.577862171
newcastle upon tyne,e08000021,2013,1730.8190828909999
newcastle upon tyne,e08000021,2014,1506.254755283
newcastle upon tyne,e08000021,2015,1440.688186863
newcastle upon tyne,e08000021,2016,1343.477534615
newcastle upon tyne,e08000021,2017,1287.527750987
newcastle upon tyne,e08000021,2018,1281.789925928
newcastle upon tyne,e08000021,2019,1211.943903179
newcastle upon tyne,e08000021,2020,1072.790944526
newcastle upon tyne,e08000021,2021,1145.204892288
newcastle upon tyne,e08000021,2022,1083.735886322
newham,e09000025,2005,1451.189301541
newham,e09000025,2006,1547.557626969
newham,e09000025,2007,1522.121477977
newham,e09000025,2008,1515.121944709
newham,e09000025,2009,1451.374722764
newham,e09000025,2010,1543.282682631
newham,e09000025,2011,1432.3642830889999
newham,e09000025,2012,1458.894755849
newham,e09000025,2013,1449.843460842
newham,e09000025,2014,1262.434248167
newham,e09000025,2015,1210.006816071
newham,e09000025,2016,1137.461487301
newham,e09000025,2017,1060.8649931
newham,e09000025,2018,1040.255541844
newham,e09000025,2019,975.441601029
newham,e09000025,2020,862.4623756459999
newham,e09000025,2021,908.551793796
newham,e09000025,2022,905.052126724
north devon,e07000043,2005,685.865800851
north devon,e07000043,2006,707.957419498
north devon,e07000043,2007,695.261377756
north devon,e07000043,2008,666.101843433
north devon,e07000043,2009,635.684378395
north devon,e07000043,2010,645.022248446
north devon,e07000043,2011,589.963137773
north devon,e07000043,2012,611.463270043
north devon,e07000043,2013,597.038905181
north devon,e07000043,2014,556.896199203
north devon,e07000043,2015,540.011488741
north devon,e07000043,2016,507.887785688
north devon,e07000043,2017,507.05297461600003
north devon,e07000043,2018,498.296936967
north devon,e07000043,2019,475.241393362
north devon,e07000043,2020,423.496101417
north devon,e07000043,2021,454.71644618299996
north devon,e07000043,2022,425.705176822
north east derbyshire,e07000038,2005,687.354512827
north east derbyshire,e07000038,2006,700.039437116
north east derbyshire,e07000038,2007,645.294273414
north east derbyshire,e07000038,2008,627.323121421
north east derbyshire,e07000038,2009,570.06895191
north east derbyshire,e07000038,2010,612.196634964
north east derbyshire,e07000038,2011,567.809169844
north east derbyshire,e07000038,2012,574.157773126
north east derbyshire,e07000038,2013,575.707885369
north east derbyshire,e07000038,2014,520.509091348
north east derbyshire,e07000038,2015,501.822716548
north east derbyshire,e07000038,2016,476.045605492
north east derbyshire,e07000038,2017,461.402836204
north east derbyshire,e07000038,2018,458.37540543800003
north east derbyshire,e07000038,2019,444.478193615
north east derbyshire,e07000038,2020,393.768694765
north east derbyshire,e07000038,2021,431.030246881
north east derbyshire,e07000038,2022,416.986625408
north east lincolnshire,e06000012,2005,1749.449080798
north east lincolnshire,e06000012,2006,1712.5376818720001
north east lincolnshire,e06000012,2007,1636.293477467
north east lincolnshire,e06000012,2008,1574.257474039
north east lincolnshire,e06000012,2009,1448.747847894
north east lincolnshire,e06000012,2010,1550.154903604
north east lincolnshire,e06000012,2011,1376.345951486
north east lincolnshire,e06000012,2012,1444.149111168
north east lincolnshire,e06000012,2013,1361.126732036
north east lincolnshire,e06000012,2014,1275.312707006
north east lincolnshire,e06000012,2015,1075.618338383
north east lincolnshire,e06000012,2016,914.2729106310001
north east lincolnshire,e06000012,2017,891.853379684
north east lincolnshire,e06000012,2018,950.935818466
north east lincolnshire,e06000012,2019,877.690099108
north east lincolnshire,e06000012,2020,810.456899069
north east lincolnshire,e06000012,2021,841.845087958
north east lincolnshire,e06000012,2022,776.583301219
north hertfordshire,e07000099,2005,842.426707353
north hertfordshire,e07000099,2006,877.168780143
north hertfordshire,e07000099,2007,856.250633534
north hertfordshire,e07000099,2008,827.0577666089999
north hertfordshire,e07000099,2009,754.437178981
north hertfordshire,e07000099,2010,792.862962324
north hertfordshire,e07000099,2011,718.302826769
north hertfordshire,e07000099,2012,754.901429904
north hertfordshire,e07000099,2013,739.538773727
north hertfordshire,e07000099,2014,675.836691067
north hertfordshire,e07000099,2015,650.865297813
north hertfordshire,e07000099,2016,628.418076118
north hertfordshire,e07000099,2017,602.639914881
north hertfordshire,e07000099,2018,591.291644585
north hertfordshire,e07000099,2019,567.56846356
north hertfordshire,e07000099,2020,503.299636466
north hertfordshire,e07000099,2021,523.594011432
north hertfordshire,e07000099,2022,500.259453814
north kesteven,e07000139,2005,788.44568389
north kesteven,e07000139,2006,771.008892957
north kesteven,e07000139,2007,770.439306605
north kesteven,e07000139,2008,757.102676404
north kesteven,e07000139,2009,694.202239499
north kesteven,e07000139,2010,723.784470613
north kesteven,e07000139,2011,655.891982397
north kesteven,e07000139,2012,687.102661087
north kesteven,e07000139,2013,680.80668759
north kesteven,e07000139,2014,633.633315364
north kesteven,e07000139,2015,615.715936896
north kesteven,e07000139,2016,591.926868802
north kesteven,e07000139,2017,580.994645314
north kesteven,e07000139,2018,573.480385783
north kesteven,e07000139,2019,573.831029183
north kesteven,e07000139,2020,524.474597691
north kesteven,e07000139,2021,553.71068756
north kesteven,e07000139,2022,527.414402194
north lincolnshire,e06000013,2005,1636.9407271520001
north lincolnshire,e06000013,2006,1644.251964442
north lincolnshire,e06000013,2007,1531.81723702
north lincolnshire,e06000013,2008,1575.050253955
north lincolnshire,e06000013,2009,1396.163583255
north lincolnshire,e06000013,2010,1561.735835998
north lincolnshire,e06000013,2011,1357.570942741
north lincolnshire,e06000013,2012,1388.471308241
north lincolnshire,e06000013,2013,1369.310568295
north lincolnshire,e06000013,2014,1190.6078215769999
north lincolnshire,e06000013,2015,1114.731786513
north lincolnshire,e06000013,2016,1033.038834748
north lincolnshire,e06000013,2017,1006.814023732
north lincolnshire,e06000013,2018,995.333723975
north lincolnshire,e06000013,2019,954.431232138
north lincolnshire,e06000013,2020,863.740995072
north lincolnshire,e06000013,2021,910.516171397
north lincolnshire,e06000013,2022,836.5239851380001
north norfolk,e07000147,2005,819.961500989
north norfolk,e07000147,2006,800.944182334
north norfolk,e07000147,2007,791.217543426
north norfolk,e07000147,2008,783.23952323
north norfolk,e07000147,2009,727.971543388
north norfolk,e07000147,2010,764.09675441
north norfolk,e07000147,2011,709.897139291
north norfolk,e07000147,2012,725.720158997
north norfolk,e07000147,2013,700.106456953
north norfolk,e07000147,2014,652.439688599
north norfolk,e07000147,2015,620.063614657
north norfolk,e07000147,2016,594.879813915
north norfolk,e07000147,2017,583.917083804
north norfolk,e07000147,2018,572.103263633
north norfolk,e07000147,2019,542.72061584
north norfolk,e07000147,2020,491.46457935
north norfolk,e07000147,2021,521.78504167
north norfolk,e07000147,2022,491.626057488
north northamptonshire,e06000061,2005,2698.775381617
north northamptonshire,e06000061,2006,2720.664647986
north northamptonshire,e06000061,2007,2651.1547367450003
north northamptonshire,e06000061,2008,2571.193424551
north northamptonshire,e06000061,2009,2341.645107338
north northamptonshire,e06000061,2010,2527.208978611
north northamptonshire,e06000061,2011,2301.642664459
north northamptonshire,e06000061,2012,2403.4572136
north northamptonshire,e06000061,2013,2366.437827075
north northamptonshire,e06000061,2014,2165.525845111
north northamptonshire,e06000061,2015,2102.560976524
north northamptonshire,e06000061,2016,2034.522505525
north northamptonshire,e06000061,2017,1985.303304942
north northamptonshire,e06000061,2018,1929.541463907
north northamptonshire,e06000061,2019,1883.282954172
north northamptonshire,e06000061,2020,1643.336777383
north northamptonshire,e06000061,2021,1790.52642219
north northamptonshire,e06000061,2022,1699.228636741
north somerset,e06000024,2005,1277.384624676
north somerset,e06000024,2006,1301.444842617
north somerset,e06000024,2007,1267.030449311
north somerset,e06000024,2008,1253.096805039
north somerset,e06000024,2009,1140.784917321
north somerset,e06000024,2010,1194.479617711
north somerset,e06000024,2011,1098.162386954
north somerset,e06000024,2012,1163.299218074
north somerset,e06000024,2013,1134.24621897
north somerset,e06000024,2014,1022.743437902
north somerset,e06000024,2015,996.147720485
north somerset,e06000024,2016,957.915664127
north somerset,e06000024,2017,916.993473476
north somerset,e06000024,2018,917.689587843
north somerset,e06000024,2019,871.747339213
north somerset,e06000024,2020,773.874012289
north somerset,e06000024,2021,842.992465221
north somerset,e06000024,2022,787.529093401
north tyneside,e08000022,2005,1453.934416448
north tyneside,e08000022,2006,1396.313325557
north tyneside,e08000022,2007,1343.280377968
north tyneside,e08000022,2008,1281.831903597
north tyneside,e08000022,2009,1146.342002112
north tyneside,e08000022,2010,1201.763876902
north tyneside,e08000022,2011,1100.420862476
north tyneside,e08000022,2012,1166.216910329
north tyneside,e08000022,2013,1139.017567951
north tyneside,e08000022,2014,1005.3507763580001
north tyneside,e08000022,2015,984.144805906
north tyneside,e08000022,2016,916.458442183
north tyneside,e08000022,2017,883.406653705
north tyneside,e08000022,2018,868.17609854
north tyneside,e08000022,2019,846.31616841
north tyneside,e08000022,2020,774.934372656
north tyneside,e08000022,2021,808.536572139
north tyneside,e08000022,2022,748.482153486
north warwickshire,e07000218,2005,655.792041745
north warwickshire,e07000218,2006,688.044140145
north warwickshire,e07000218,2007,672.462030032
north warwickshire,e07000218,2008,650.284584651
north warwickshire,e07000218,2009,595.22929165
north warwickshire,e07000218,2010,647.856234921
north warwickshire,e07000218,2011,579.988757381
north warwickshire,e07000218,2012,616.492176439
north warwickshire,e07000218,2013,589.54349803
north warwickshire,e07000218,2014,557.40655961
north warwickshire,e07000218,2015,539.703839504
north warwickshire,e07000218,2016,510.109355149
north warwickshire,e07000218,2017,490.626974923
north warwickshire,e07000218,2018,487.545345199
north warwickshire,e07000218,2019,443.049503497
north warwickshire,e07000218,2020,396.670625054
north warwickshire,e07000218,2021,434.820753033
north warwickshire,e07000218,2022,421.44888677899996
north west leicestershire,e07000134,2005,1119.141054854
north west leicestershire,e07000134,2006,1068.043791182
north west leicestershire,e07000134,2007,1034.255080719
north west leicestershire,e07000134,2008,985.834260971
north west leicestershire,e07000134,2009,914.81342707
north west leicestershire,e07000134,2010,951.422106051
north west leicestershire,e07000134,2011,869.8178162190001
north west leicestershire,e07000134,2012,883.1352638010001
north west leicestershire,e07000134,2013,880.996918792
north west leicestershire,e07000134,2014,839.163006654
north west leicestershire,e07000134,2015,828.10320812
north west leicestershire,e07000134,2016,798.254583931
north west leicestershire,e07000134,2017,786.851837129
north west leicestershire,e07000134,2018,746.220562212
north west leicestershire,e07000134,2019,789.574718423
north west leicestershire,e07000134,2020,726.237080691
north west leicestershire,e07000134,2021,755.4407594959999
north west leicestershire,e07000134,2022,730.661942413
north yorkshire,e06000065,2005,5554.067417463
north yorkshire,e06000065,2006,5613.648212471
north yorkshire,e06000065,2007,5533.895471849
north yorkshire,e06000065,2008,5345.846764983
north yorkshire,e06000065,2009,4967.786249449
north yorkshire,e06000065,2010,5190.929835842
north yorkshire,e06000065,2011,4772.957193872
north yorkshire,e06000065,2012,4980.479625916
north yorkshire,e06000065,2013,4807.246819386
north yorkshire,e06000065,2014,4385.101093443
north yorkshire,e06000065,2015,4317.799807544
north yorkshire,e06000065,2016,4151.097689221
north yorkshire,e06000065,2017,4026.145420652
north yorkshire,e06000065,2018,4007.821060622
north yorkshire,e06000065,2019,3833.52365886
north yorkshire,e06000065,2020,3508.451426501
north yorkshire,e06000065,2021,3792.328602739
north yorkshire,e06000065,2022,3526.579121135
northumberland,e06000057,2005,2981.5446309910003
northumberland,e06000057,2006,2969.003283041
northumberland,e06000057,2007,2905.754138022
northumberland,e06000057,2008,2799.731973209
northumberland,e06000057,2009,2468.934415455
northumberland,e06000057,2010,2750.0425730770003
northumberland,e06000057,2011,2583.18232499
northumberland,e06000057,2012,2273.456104316
northumberland,e06000057,2013,2186.791616787
northumberland,e06000057,2014,1924.783659819
northumberland,e06000057,2015,1908.908369651
northumberland,e06000057,2016,1848.3820849009999
northumberland,e06000057,2017,1806.3329045780001
northumberland,e06000057,2018,1796.252484407
northumberland,e06000057,2019,1714.3600245349999
northumberland,e06000057,2020,1534.687111259
northumberland,e06000057,2021,1643.302370461
northumberland,e06000057,2022,1545.638872189
norwich,e07000148,2005,896.101620099
norwich,e07000148,2006,899.491929918
norwich,e07000148,2007,849.283356645
norwich,e07000148,2008,827.119754459
norwich,e07000148,2009,754.904043073
norwich,e07000148,2010,781.546626189
norwich,e07000148,2011,698.736575205
norwich,e07000148,2012,746.183459805
norwich,e07000148,2013,727.260912466
norwich,e07000148,2014,648.287882528
norwich,e07000148,2015,615.179583623
norwich,e07000148,2016,562.55815077
norwich,e07000148,2017,540.617013964
norwich,e07000148,2018,522.752331249
norwich,e07000148,2019,468.461296914
norwich,e07000148,2020,413.260585296
norwich,e07000148,2021,459.694577052
norwich,e07000148,2022,425.081074026
nottingham,e06000018,2005,2090.143454278
nottingham,e06000018,2006,2039.570980271
nottingham,e06000018,2007,1968.678841941
nottingham,e06000018,2008,1914.829119644
nottingham,e06000018,2009,1745.342072826
nottingham,e06000018,2010,1815.323548566
nottingham,e06000018,2011,1636.909669509
nottingham,e06000018,2012,1695.83177512
nottingham,e06000018,2013,1627.868385415
nottingham,e06000018,2014,1378.793108687
nottingham,e06000018,2015,1347.4879303139999
nottingham,e06000018,2016,1273.864238911
nottingham,e06000018,2017,1206.849141571
nottingham,e06000018,2018,1194.927318024
nottingham,e06000018,2019,1154.4986168579999
nottingham,e06000018,2020,1052.774298611
nottingham,e06000018,2021,1166.016375562
nottingham,e06000018,2022,1115.044882839
nuneaton and bedworth,e07000219,2005,706.216870541
nuneaton and bedworth,e07000219,2006,699.160887079
nuneaton and bedworth,e07000219,2007,691.018319386
nuneaton and bedworth,e07000219,2008,667.439315041
nuneaton and bedworth,e07000219,2009,602.356293809
nuneaton and bedworth,e07000219,2010,638.291134501
nuneaton and bedworth,e07000219,2011,580.869127344
nuneaton and bedworth,e07000219,2012,608.896895689
nuneaton and bedworth,e07000219,2013,589.147956769
nuneaton and bedworth,e07000219,2014,531.27255789
nuneaton and bedworth,e07000219,2015,521.185193801
nuneaton and bedworth,e07000219,2016,488.50449525199997
nuneaton and bedworth,e07000219,2017,470.460612551
nuneaton and bedworth,e07000219,2018,460.238402911
nuneaton and bedworth,e07000219,2019,437.273958496
nuneaton and bedworth,e07000219,2020,392.732208608
nuneaton and bedworth,e07000219,2021,425.16284452900004
nuneaton and bedworth,e07000219,2022,399.934140373
oadby and wigston,e07000135,2005,315.684531528
oadby and wigston,e07000135,2006,312.943769254
oadby and wigston,e07000135,2007,303.096065704
oadby and wigston,e07000135,2008,299.107109382
oadby and wigston,e07000135,2009,269.078888254
oadby and wigston,e07000135,2010,275.556116597
oadby and wigston,e07000135,2011,247.801911259
oadby and wigston,e07000135,2012,263.398352085
oadby and wigston,e07000135,2013,250.40125877
oadby and wigston,e07000135,2014,219.475900847
oadby and wigston,e07000135,2015,211.636223894
oadby and wigston,e07000135,2016,199.776979197
oadby and wigston,e07000135,2017,190.429462048
oadby and wigston,e07000135,2018,189.62177584900002
oadby and wigston,e07000135,2019,183.34104354800002
oadby and wigston,e07000135,2020,166.124018348
oadby and wigston,e07000135,2021,181.326559398
oadby and wigston,e07000135,2022,171.223613714
oldham,e08000004,2005,1256.687982233
oldham,e08000004,2006,1233.69328502
oldham,e08000004,2007,1190.593598725
oldham,e08000004,2008,1168.149724844
oldham,e08000004,2009,1058.178929379
oldham,e08000004,2010,1115.196912174
oldham,e08000004,2011,988.161808713
oldham,e08000004,2012,1047.190706489
oldham,e08000004,2013,1013.696881524
oldham,e08000004,2014,898.974339256
oldham,e08000004,2015,877.905230888
oldham,e08000004,2016,827.626321219
oldham,e08000004,2017,796.942800133
oldham,e08000004,2018,829.1750517190001
oldham,e08000004,2019,769.610552914
oldham,e08000004,2020,706.337238111
oldham,e08000004,2021,763.441937779
oldham,e08000004,2022,684.208705932
oxford,e07000178,2005,1040.371883324
oxford,e07000178,2006,1034.077674027
oxford,e07000178,2007,974.003346203
oxford,e07000178,2008,1014.487850141
oxford,e07000178,2009,923.589563324
oxford,e07000178,2010,973.671433802
oxford,e07000178,2011,888.287604949
oxford,e07000178,2012,948.110532701
oxford,e07000178,2013,911.365990569
oxford,e07000178,2014,808.034292632
oxford,e07000178,2015,767.395767657
oxford,e07000178,2016,707.767222681
oxford,e07000178,2017,669.656267841
oxford,e07000178,2018,641.538556685
oxford,e07000178,2019,606.62860539
oxford,e07000178,2020,544.131992896
oxford,e07000178,2021,598.547231555
oxford,e07000178,2022,555.7561844420001
pendle,e07000122,2005,622.235842057
pendle,e07000122,2006,618.353751438
pendle,e07000122,2007,602.012116321
pendle,e07000122,2008,581.796489409
pendle,e07000122,2009,527.326057582
pendle,e07000122,2010,559.771096176
pendle,e07000122,2011,496.203708148
pendle,e07000122,2012,535.76416975
pendle,e07000122,2013,524.28936992
pendle,e07000122,2014,468.223551033
pendle,e07000122,2015,448.181327779
pendle,e07000122,2016,419.10406434
pendle,e07000122,2017,406.594088419
pendle,e07000122,2018,399.907617168
pendle,e07000122,2019,386.232950196
pendle,e07000122,2020,341.716994612
pendle,e07000122,2021,357.833051971
pendle,e07000122,2022,329.839452917
peterborough,e06000031,2005,1399.074300178
peterborough,e06000031,2006,1390.86176841
peterborough,e06000031,2007,1381.856281852
peterborough,e06000031,2008,1362.917370873
peterborough,e06000031,2009,1251.554149013
peterborough,e06000031,2010,1297.183219511
peterborough,e06000031,2011,1208.0526273330001
peterborough,e06000031,2012,1254.536074254
peterborough,e06000031,2013,1222.105076838
peterborough,e06000031,2014,1110.781920321
peterborough,e06000031,2015,1068.329626616
peterborough,e06000031,2016,1026.199201933
peterborough,e06000031,2017,1013.978258455
peterborough,e06000031,2018,989.044983732
peterborough,e06000031,2019,957.222339596
peterborough,e06000031,2020,851.773311994
peterborough,e06000031,2021,913.501385365
peterborough,e06000031,2022,899.913103922
plymouth,e06000026,2005,1555.538291263
plymouth,e06000026,2006,1558.661279474
plymouth,e06000026,2007,1536.536953722
plymouth,e06000026,2008,1471.309090286
plymouth,e06000026,2009,1344.357982047
plymouth,e06000026,2010,1382.545084685
plymouth,e06000026,2011,1261.377710792
plymouth,e06000026,2012,1298.452348675
plymouth,e06000026,2013,1256.865657651
plymouth,e06000026,2014,1120.241978455
plymouth,e06000026,2015,1054.1318547399999
plymouth,e06000026,2016,987.534124199
plymouth,e06000026,2017,930.845944155
plymouth,e06000026,2018,898.504997061
plymouth,e06000026,2019,870.758429836
plymouth,e06000026,2020,765.527461463
plymouth,e06000026,2021,856.58373833
plymouth,e06000026,2022,808.726108725
portsmouth,e06000044,2005,1242.644093777
portsmouth,e06000044,2006,1216.5902644589999
portsmouth,e06000044,2007,1165.847727659
portsmouth,e06000044,2008,1159.46773255
portsmouth,e06000044,2009,1064.569198907
portsmouth,e06000044,2010,1122.493117979
portsmouth,e06000044,2011,1034.002821471
portsmouth,e06000044,2012,1080.074853839
portsmouth,e06000044,2013,1036.932393355
portsmouth,e06000044,2014,918.9715872959999
portsmouth,e06000044,2015,865.131888571
portsmouth,e06000044,2016,804.822121757
portsmouth,e06000044,2017,761.1555916579999
portsmouth,e06000044,2018,731.181141769
portsmouth,e06000044,2019,691.8693986010001
portsmouth,e06000044,2020,637.0569623480001
portsmouth,e06000044,2021,666.181579703
portsmouth,e06000044,2022,622.363766841
preston,e07000123,2005,922.361730128
preston,e07000123,2006,889.777001131
preston,e07000123,2007,867.897734263
preston,e07000123,2008,864.700878949
preston,e07000123,2009,758.733669756
preston,e07000123,2010,825.537330821
preston,e07000123,2011,735.2079526499999
preston,e07000123,2012,782.16509263
preston,e07000123,2013,745.885604695
preston,e07000123,2014,662.666125096
preston,e07000123,2015,637.76255155
preston,e07000123,2016,593.092162192
preston,e07000123,2017,569.866148346
preston,e07000123,2018,576.405538011
preston,e07000123,2019,551.948909652
preston,e07000123,2020,541.257661146
preston,e07000123,2021,538.78058104
preston,e07000123,2022,496.107872709
reading,e06000038,2005,1009.935404137
reading,e06000038,2006,984.781721169
reading,e06000038,2007,938.879221918
reading,e06000038,2008,947.493355911
reading,e06000038,2009,840.337545743
reading,e06000038,2010,861.59238306
reading,e06000038,2011,758.468877509
reading,e06000038,2012,806.0063926189999
reading,e06000038,2013,774.960586993
reading,e06000038,2014,678.396394534
reading,e06000038,2015,644.092175449
reading,e06000038,2016,599.5328924199999
reading,e06000038,2017,565.392530867
reading,e06000038,2018,550.730817732
reading,e06000038,2019,514.295546432
reading,e06000038,2020,459.923276022
reading,e06000038,2021,496.70635447
reading,e06000038,2022,466.14575937899997
redbridge,e09000026,2005,1137.151578213
redbridge,e09000026,2006,1129.585608973
redbridge,e09000026,2007,1097.798961519
redbridge,e09000026,2008,1066.826293455
redbridge,e09000026,2009,997.983135285
redbridge,e09000026,2010,1073.8690670619999
redbridge,e09000026,2011,996.835461184
redbridge,e09000026,2012,1044.657797617
redbridge,e09000026,2013,1013.241366737
redbridge,e09000026,2014,906.842334945
redbridge,e09000026,2015,878.571644752
redbridge,e09000026,2016,843.834507717
redbridge,e09000026,2017,807.471369141
redbridge,e09000026,2018,813.9555251620001
redbridge,e09000026,2019,769.864693974
redbridge,e09000026,2020,708.731597989
redbridge,e09000026,2021,726.734313439
redbridge,e09000026,2022,671.081780256
redcar and cleveland,e06000003,2005,1389.522044123
redcar and cleveland,e06000003,2006,1417.796641802
redcar and cleveland,e06000003,2007,1370.796002926
redcar and cleveland,e06000003,2008,1343.093887868
redcar and cleveland,e06000003,2009,1050.045404328
redcar and cleveland,e06000003,2010,1048.207989653
redcar and cleveland,e06000003,2011,969.795640971
redcar and cleveland,e06000003,2012,1023.308856883
redcar and cleveland,e06000003,2013,1017.756606556
redcar and cleveland,e06000003,2014,921.571750976
redcar and cleveland,e06000003,2015,845.541251547
redcar and cleveland,e06000003,2016,730.98046575
redcar and cleveland,e06000003,2017,691.080016537
redcar and cleveland,e06000003,2018,731.012267001
redcar and cleveland,e06000003,2019,719.328587698
redcar and cleveland,e06000003,2020,673.10246898
redcar and cleveland,e06000003,2021,730.798956107
redcar and cleveland,e06000003,2022,666.786109557
redditch,e07000236,2005,545.207768778
redditch,e07000236,2006,546.532556038
redditch,e07000236,2007,529.070795178
redditch,e07000236,2008,516.951460968
redditch,e07000236,2009,452.04099792
redditch,e07000236,2010,475.032532694
redditch,e07000236,2011,435.358702018
redditch,e07000236,2012,449.44910928
redditch,e07000236,2013,432.088010272
redditch,e07000236,2014,387.77471780400003
redditch,e07000236,2015,373.5010382
redditch,e07000236,2016,349.656849976
redditch,e07000236,2017,341.608861217
redditch,e07000236,2018,337.29489644
redditch,e07000236,2019,327.48354619500003
redditch,e07000236,2020,279.003649232
redditch,e07000236,2021,300.552029206
redditch,e07000236,2022,305.42128981
reigate and banstead,e07000211,2005,885.7171648890001
reigate and banstead,e07000211,2006,876.762304574
reigate and banstead,e07000211,2007,864.8731674879999
reigate and banstead,e07000211,2008,848.801576943
reigate and banstead,e07000211,2009,779.834627994
reigate and banstead,e07000211,2010,815.7704766759999
reigate and banstead,e07000211,2011,755.83622816
reigate and banstead,e07000211,2012,795.648604111
reigate and banstead,e07000211,2013,776.267661501
reigate and banstead,e07000211,2014,694.022175048
reigate and banstead,e07000211,2015,662.08975108
reigate and banstead,e07000211,2016,626.211525687
reigate and banstead,e07000211,2017,594.329145416
reigate and banstead,e07000211,2018,583.090923615
reigate and banstead,e07000211,2019,559.006270805
reigate and banstead,e07000211,2020,500.83564722299997
reigate and banstead,e07000211,2021,521.133161031
reigate and banstead,e07000211,2022,488.797208732
ribble valley,e07000124,2005,610.702551228
ribble valley,e07000124,2006,605.569702213
ribble valley,e07000124,2007,574.072013418
ribble valley,e07000124,2008,566.2239999980001
ribble valley,e07000124,2009,503.87542411199996
ribble valley,e07000124,2010,558.62247028
ribble valley,e07000124,2011,520.860072533
ribble valley,e07000124,2012,514.030430551
ribble valley,e07000124,2013,517.07836679
ribble valley,e07000124,2014,470.195561585
ribble valley,e07000124,2015,454.823916874
ribble valley,e07000124,2016,422.098246702
ribble valley,e07000124,2017,406.406917676
ribble valley,e07000124,2018,411.51335104500004
ribble valley,e07000124,2019,390.9880084
ribble valley,e07000124,2020,353.94372813
ribble valley,e07000124,2021,377.104088282
ribble valley,e07000124,2022,343.856625774
richmond upon thames,e09000027,2005,1083.068303433
richmond upon thames,e09000027,2006,1077.53394202
richmond upon thames,e09000027,2007,1051.223236378
richmond upon thames,e09000027,2008,1024.437080627
richmond upon thames,e09000027,2009,933.123683855
richmond upon thames,e09000027,2010,970.97432226
richmond upon thames,e09000027,2011,865.227829794
richmond upon thames,e09000027,2012,927.405972361
richmond upon thames,e09000027,2013,909.177859636
richmond upon thames,e09000027,2014,792.969010472
richmond upon thames,e09000027,2015,752.87193122
richmond upon thames,e09000027,2016,714.114594679
richmond upon thames,e09000027,2017,677.123172881
richmond upon thames,e09000027,2018,668.380043669
richmond upon thames,e09000027,2019,633.784852865
richmond upon thames,e09000027,2020,574.967498009
richmond upon thames,e09000027,2021,625.49662534
richmond upon thames,e09000027,2022,574.840523285
rochdale,e08000005,2005,1286.531035318
rochdale,e08000005,2006,1281.82150581
rochdale,e08000005,2007,1242.192193197
rochdale,e08000005,2008,1213.87449778
rochdale,e08000005,2009,1090.084808463
rochdale,e08000005,2010,1151.490040336
rochdale,e08000005,2011,1034.137672461
rochdale,e08000005,2012,1081.3286335130001
rochdale,e08000005,2013,1054.459773159
rochdale,e08000005,2014,943.616805258
rochdale,e08000005,2015,906.695036515
rochdale,e08000005,2016,837.1201048290001
rochdale,e08000005,2017,811.833442201
rochdale,e08000005,2018,823.649744999
rochdale,e08000005,2019,779.856302108
rochdale,e08000005,2020,705.857837753
rochdale,e08000005,2021,735.889968796
rochdale,e08000005,2022,675.483633227
rochford,e07000075,2005,460.100276612
rochford,e07000075,2006,454.918121955
rochford,e07000075,2007,447.204308599
rochford,e07000075,2008,440.579263079
rochford,e07000075,2009,403.707450354
rochford,e07000075,2010,422.69749258
rochford,e07000075,2011,383.842567137
rochford,e07000075,2012,406.727397437
rochford,e07000075,2013,391.257593411
rochford,e07000075,2014,349.613303564
rochford,e07000075,2015,334.559499038
rochford,e07000075,2016,319.916968098
rochford,e07000075,2017,311.128258956
rochford,e07000075,2018,303.631671892
rochford,e07000075,2019,288.51976610599996
rochford,e07000075,2020,259.678709332
rochford,e07000075,2021,273.712745292
rochford,e07000075,2022,252.515304082
rossendale,e07000125,2005,601.469404832
rossendale,e07000125,2006,602.632107229
rossendale,e07000125,2007,571.358427717
rossendale,e07000125,2008,553.701783179
rossendale,e07000125,2009,505.56049923300003
rossendale,e07000125,2010,485.994117927
rossendale,e07000125,2011,475.902458503
rossendale,e07000125,2012,498.271309679
rossendale,e07000125,2013,482.610933432
rossendale,e07000125,2014,436.971299918
rossendale,e07000125,2015,421.314403443
rossendale,e07000125,2016,389.818977874
rossendale,e07000125,2017,372.866270808
rossendale,e07000125,2018,367.33629627700003
rossendale,e07000125,2019,358.475553661
rossendale,e07000125,2020,322.589910641
rossendale,e07000125,2021,341.982197644
rossendale,e07000125,2022,310.944657309
rother,e07000064,2005,653.1637380020001
rother,e07000064,2006,659.786491948
rother,e07000064,2007,650.207240125
rother,e07000064,2008,626.020752388
rother,e07000064,2009,571.4023825
rother,e07000064,2010,595.883583878
rother,e07000064,2011,547.773466699
rother,e07000064,2012,564.0472969799999
rother,e07000064,2013,549.232513348
rother,e07000064,2014,513.573219312
rother,e07000064,2015,506.081820341
rother,e07000064,2016,504.989842409
rother,e07000064,2017,484.027925723
rother,e07000064,2018,483.099119191
rother,e07000064,2019,451.113186403
rother,e07000064,2020,411.59713250600004
rother,e07000064,2021,471.639983524
rother,e07000064,2022,412.310970768
rotherham,e08000018,2005,1991.825940864
rotherham,e08000018,2006,1740.14959614
rotherham,e08000018,2007,1653.103825752
rotherham,e08000018,2008,1588.650128172
rotherham,e08000018,2009,1450.0446175040001
rotherham,e08000018,2010,1537.467688414
rotherham,e08000018,2011,1453.815116118
rotherham,e08000018,2012,1521.3037088600001
rotherham,e08000018,2013,1528.563100654
rotherham,e08000018,2014,1359.837040793
rotherham,e08000018,2015,1298.498559826
rotherham,e08000018,2016,1224.24901737
rotherham,e08000018,2017,1187.568849067
rotherham,e08000018,2018,1189.595060922
rotherham,e08000018,2019,1156.93544679
rotherham,e08000018,2020,1053.068291096
rotherham,e08000018,2021,1064.485187708
rotherham,e08000018,2022,986.036067923
rugby,e07000220,2005,886.490165952
rugby,e07000220,2006,894.298975646
rugby,e07000220,2007,910.993539176
rugby,e07000220,2008,880.8943722610001
rugby,e07000220,2009,819.935849453
rugby,e07000220,2010,845.045789991
rugby,e07000220,2011,775.031417222
rugby,e07000220,2012,826.077538428
rugby,e07000220,2013,807.493246491
rugby,e07000220,2014,732.00410157
rugby,e07000220,2015,688.7230466899999
rugby,e07000220,2016,664.389754038
rugby,e07000220,2017,629.104622933
rugby,e07000220,2018,657.632577461
rugby,e07000220,2019,616.986101484
rugby,e07000220,2020,542.281848589
rugby,e07000220,2021,595.751233807
rugby,e07000220,2022,574.478186808
runnymede,e07000212,2005,596.503839478
runnymede,e07000212,2006,591.905624301
runnymede,e07000212,2007,579.672034016
runnymede,e07000212,2008,578.751938998
runnymede,e07000212,2009,528.670625785
runnymede,e07000212,2010,559.132296631
runnymede,e07000212,2011,505.970510833
runnymede,e07000212,2012,544.497498233
runnymede,e07000212,2013,528.442804528
runnymede,e07000212,2014,469.781970235
runnymede,e07000212,2015,448.87832218299997
runnymede,e07000212,2016,422.712056809
runnymede,e07000212,2017,399.386727649
runnymede,e07000212,2018,396.845793955
runnymede,e07000212,2019,370.19178273
runnymede,e07000212,2020,327.976432148
runnymede,e07000212,2021,348.086842795
runnymede,e07000212,2022,324.906119254
rushcliffe,e07000176,2005,779.235062598
rushcliffe,e07000176,2006,816.417406651
rushcliffe,e07000176,2007,809.62936314
rushcliffe,e07000176,2008,802.879631149
rushcliffe,e07000176,2009,735.186567759
rushcliffe,e07000176,2010,768.584646522
rushcliffe,e07000176,2011,729.474160458
rushcliffe,e07000176,2012,748.006159089
rushcliffe,e07000176,2013,762.837279715
rushcliffe,e07000176,2014,706.035515549
rushcliffe,e07000176,2015,697.5295852
rushcliffe,e07000176,2016,629.298997042
rushcliffe,e07000176,2017,657.977110258
rushcliffe,e07000176,2018,666.322868129
rushcliffe,e07000176,2019,638.850243123
rushcliffe,e07000176,2020,581.958909072
rushcliffe,e07000176,2021,630.189188374
rushcliffe,e07000176,2022,588.164826922
rushmoor,e07000092,2005,600.0809941489999
rushmoor,e07000092,2006,611.410030577
rushmoor,e07000092,2007,593.446990168
rushmoor,e07000092,2008,576.280047035
rushmoor,e07000092,2009,521.706288137
rushmoor,e07000092,2010,545.1934338460001
rushmoor,e07000092,2011,487.346987451
rushmoor,e07000092,2012,507.69086969299997
rushmoor,e07000092,2013,481.348954021
rushmoor,e07000092,2014,441.243715558
rushmoor,e07000092,2015,425.425232909
rushmoor,e07000092,2016,397.655096284
rushmoor,e07000092,2017,372.803049873
rushmoor,e07000092,2018,372.532872113
rushmoor,e07000092,2019,344.65307488
rushmoor,e07000092,2020,311.10950492
rushmoor,e07000092,2021,330.233508099
rushmoor,e07000092,2022,303.357211787
rutland,e06000017,2005,490.68995237
rutland,e06000017,2006,457.08600316499997
rutland,e06000017,2007,469.376471817
rutland,e06000017,2008,464.198084957
rutland,e06000017,2009,408.746616421
rutland,e06000017,2010,463.010030535
rutland,e06000017,2011,409.718988223
rutland,e06000017,2012,423.366801044
rutland,e06000017,2013,416.637366475
rutland,e06000017,2014,378.88481643299997
rutland,e06000017,2015,365.917184989
rutland,e06000017,2016,345.156062407
rutland,e06000017,2017,331.693050012
rutland,e06000017,2018,331.385293003
rutland,e06000017,2019,315.89838340200004
rutland,e06000017,2020,286.138234544
rutland,e06000017,2021,305.981527175
rutland,e06000017,2022,293.22126993
salford,e08000006,2005,1557.466379402
salford,e08000006,2006,1533.989829688
salford,e08000006,2007,1460.628600943
salford,e08000006,2008,1440.0533404540001
salford,e08000006,2009,1309.137513179
salford,e08000006,2010,1463.882777426
salford,e08000006,2011,1312.381508987
salford,e08000006,2012,1383.516133444
salford,e08000006,2013,1269.659580684
salford,e08000006,2014,1118.954152858
salford,e08000006,2015,1086.555910327
salford,e08000006,2016,1019.273084025
salford,e08000006,2017,971.528784899
salford,e08000006,2018,1000.599038789
salford,e08000006,2019,952.928844931
salford,e08000006,2020,864.338912186
salford,e08000006,2021,917.382427658
salford,e08000006,2022,829.495113328
sandwell,e08000028,2005,2101.235605472
sandwell,e08000028,2006,2127.980890866
sandwell,e08000028,2007,2060.826235373
sandwell,e08000028,2008,1967.591366445
sandwell,e08000028,2009,1723.739260978
sandwell,e08000028,2010,1825.0136482960002
sandwell,e08000028,2011,1677.377756661
sandwell,e08000028,2012,1747.604860173
sandwell,e08000028,2013,1729.0528271829999
sandwell,e08000028,2014,1545.330560327
sandwell,e08000028,2015,1500.687286188
sandwell,e08000028,2016,1359.559468459
sandwell,e08000028,2017,1325.366619273
sandwell,e08000028,2018,1295.125376565
sandwell,e08000028,2019,1212.017288152
sandwell,e08000028,2020,1097.504223083
sandwell,e08000028,2021,1173.823407201
sandwell,e08000028,2022,1084.247022639
sefton,e08000014,2005,1493.8063584
sefton,e08000014,2006,1458.298253129
sefton,e08000014,2007,1447.376580636
sefton,e08000014,2008,1395.53663705
sefton,e08000014,2009,1286.943532704
sefton,e08000014,2010,1336.967708945
sefton,e08000014,2011,1216.368482571
sefton,e08000014,2012,1264.495666726
sefton,e08000014,2013,1214.437719663
sefton,e08000014,2014,1273.123288087
sefton,e08000014,2015,1199.47566114
sefton,e08000014,2016,1117.143262158
sefton,e08000014,2017,1053.385342293
sefton,e08000014,2018,1064.50837861
sefton,e08000014,2019,1042.234806709
sefton,e08000014,2020,940.849032607
sefton,e08000014,2021,986.904995013
sefton,e08000014,2022,900.746886103
sevenoaks,e07000111,2005,722.376607302
sevenoaks,e07000111,2006,722.870048551
sevenoaks,e07000111,2007,713.277321503
sevenoaks,e07000111,2008,705.019179664
sevenoaks,e07000111,2009,648.914883059
sevenoaks,e07000111,2010,670.787794332
sevenoaks,e07000111,2011,614.0981271539999
sevenoaks,e07000111,2012,644.034135206
sevenoaks,e07000111,2013,621.304645459
sevenoaks,e07000111,2014,559.308666237
sevenoaks,e07000111,2015,539.9779088290001
sevenoaks,e07000111,2016,517.258984103
sevenoaks,e07000111,2017,497.18086952100003
sevenoaks,e07000111,2018,490.008742048
sevenoaks,e07000111,2019,473.396332077
sevenoaks,e07000111,2020,427.926724668
sevenoaks,e07000111,2021,447.825054518
sevenoaks,e07000111,2022,417.175404039
sheffield,e08000019,2005,3640.741150324
sheffield,e08000019,2006,3549.1106379909997
sheffield,e08000019,2007,3422.56570384
sheffield,e08000019,2008,3427.648124424
sheffield,e08000019,2009,3033.236050694
sheffield,e08000019,2010,3212.285576501
sheffield,e08000019,2011,2948.79694662
sheffield,e08000019,2012,3070.138245575
sheffield,e08000019,2013,3024.987883339
sheffield,e08000019,2014,2735.0066930430003
sheffield,e08000019,2015,2492.921936528
sheffield,e08000019,2016,2313.287197051
sheffield,e08000019,2017,2219.520208499
sheffield,e08000019,2018,2194.484150842
sheffield,e08000019,2019,2115.813180428
sheffield,e08000019,2020,1858.355570172
sheffield,e08000019,2021,1899.183144816
sheffield,e08000019,2022,1773.253456722
shropshire,e06000051,2005,2349.800037829
shropshire,e06000051,2006,2320.275743313
shropshire,e06000051,2007,2430.972712275
shropshire,e06000051,2008,2287.684658631
shropshire,e06000051,2009,2124.405737874
shropshire,e06000051,2010,2205.433712189
shropshire,e06000051,2011,2020.95927768
shropshire,e06000051,2012,2112.615038556
shropshire,e06000051,2013,2042.680046704
shropshire,e06000051,2014,1893.16600404
shropshire,e06000051,2015,1866.438472769
shropshire,e06000051,2016,1783.41652363
shropshire,e06000051,2017,1733.138039944
shropshire,e06000051,2018,1741.856723823
shropshire,e06000051,2019,1652.8823965699999
shropshire,e06000051,2020,1498.757079665
shropshire,e06000051,2021,1604.009370503
shropshire,e06000051,2022,1527.61243673
slough,e06000039,2005,704.828444089
slough,e06000039,2006,705.320265843
slough,e06000039,2007,700.926282115
slough,e06000039,2008,696.300362341
slough,e06000039,2009,754.779944598
slough,e06000039,2010,882.875839099
slough,e06000039,2011,824.688125089
slough,e06000039,2012,896.448746551
slough,e06000039,2013,856.443626677
slough,e06000039,2014,763.80084919
slough,e06000039,2015,708.845483721
slough,e06000039,2016,659.7823822189999
slough,e06000039,2017,632.549252009
slough,e06000039,2018,626.007938385
slough,e06000039,2019,595.845209059
slough,e06000039,2020,559.061950315
slough,e06000039,2021,605.706354649
slough,e06000039,2022,604.9919284929999
solihull,e08000029,2005,1438.160080031
solihull,e08000029,2006,1506.465271182
solihull,e08000029,2007,1453.259494456
solihull,e08000029,2008,1377.514785427
solihull,e08000029,2009,1264.613176214
solihull,e08000029,2010,1355.303470199
solihull,e08000029,2011,1271.384867263
solihull,e08000029,2012,1350.58892075
solihull,e08000029,2013,1310.445142577
solihull,e08000029,2014,1172.750944717
solihull,e08000029,2015,1191.631181755
solihull,e08000029,2016,1110.575921205
solihull,e08000029,2017,1068.14743044
solihull,e08000029,2018,1033.237433232
solihull,e08000029,2019,971.439466056
solihull,e08000029,2020,842.071580773
solihull,e08000029,2021,893.59332789
solihull,e08000029,2022,867.94251361
somerset,e06000066,2005,3776.491608145
somerset,e06000066,2006,3803.234171537
somerset,e06000066,2007,3754.037508136
somerset,e06000066,2008,3721.717008177
somerset,e06000066,2009,3407.170401839
somerset,e06000066,2010,3543.451281996
somerset,e06000066,2011,3233.754418643
somerset,e06000066,2012,3380.562198698
somerset,e06000066,2013,3275.663268271
somerset,e06000066,2014,3219.684628638
somerset,e06000066,2015,3082.780928928
somerset,e06000066,2016,2952.664413232
somerset,e06000066,2017,2843.872765796
somerset,e06000066,2018,2772.5534648400003
somerset,e06000066,2019,2691.7665417870003
somerset,e06000066,2020,2393.372978894
somerset,e06000066,2021,2605.666105227
somerset,e06000066,2022,2483.229061559
south cambridgeshire,e07000012,2005,1223.966850084
south cambridgeshire,e07000012,2006,1236.965818961
south cambridgeshire,e07000012,2007,1242.2241090960001
south cambridgeshire,e07000012,2008,1238.316968432
south cambridgeshire,e07000012,2009,1158.363763029
south cambridgeshire,e07000012,2010,1222.735074839
south cambridgeshire,e07000012,2011,1081.469695401
south cambridgeshire,e07000012,2012,1165.152505703
south cambridgeshire,e07000012,2013,1126.172776429
south cambridgeshire,e07000012,2014,1026.175478053
south cambridgeshire,e07000012,2015,1019.040449672
south cambridgeshire,e07000012,2016,983.720514883
south cambridgeshire,e07000012,2017,936.938014923
south cambridgeshire,e07000012,2018,925.419526505
south cambridgeshire,e07000012,2019,879.7897414820001
south cambridgeshire,e07000012,2020,855.930106193
south cambridgeshire,e07000012,2021,925.996260583
south cambridgeshire,e07000012,2022,890.118167434
south derbyshire,e07000039,2005,820.605494757
south derbyshire,e07000039,2006,844.797684176
south derbyshire,e07000039,2007,817.638856153
south derbyshire,e07000039,2008,823.156943642
south derbyshire,e07000039,2009,760.0387969760001
south derbyshire,e07000039,2010,804.560202241
south derbyshire,e07000039,2011,745.265029726
south derbyshire,e07000039,2012,777.239247697
south derbyshire,e07000039,2013,764.756929831
south derbyshire,e07000039,2014,718.401591327
south derbyshire,e07000039,2015,706.971191476
south derbyshire,e07000039,2016,675.458321885
south derbyshire,e07000039,2017,666.46097099199994
south derbyshire,e07000039,2018,647.104885779
south derbyshire,e07000039,2019,631.207785288
south derbyshire,e07000039,2020,555.493427131
south derbyshire,e07000039,2021,615.437496993
south derbyshire,e07000039,2022,593.018097044
south gloucestershire,e06000025,2005,2243.009070249
south gloucestershire,e06000025,2006,2182.402432638
south gloucestershire,e06000025,2007,2207.356866866
south gloucestershire,e06000025,2008,1734.622903947
south gloucestershire,e06000025,2009,1584.013851966
south gloucestershire,e06000025,2010,1645.835631038
south gloucestershire,e06000025,2011,1470.670028346
south gloucestershire,e06000025,2012,1583.247550892
south gloucestershire,e06000025,2013,1538.420577625
south gloucestershire,e06000025,2014,1371.009758561
south gloucestershire,e06000025,2015,1335.950442466
south gloucestershire,e06000025,2016,1260.3892569
south gloucestershire,e06000025,2017,1195.945640651
south gloucestershire,e06000025,2018,1186.054351789
south gloucestershire,e06000025,2019,1121.659069373
south gloucestershire,e06000025,2020,994.451332713
south gloucestershire,e06000025,2021,1111.894369551
south gloucestershire,e06000025,2022,1041.495326318
south hams,e07000044,2005,781.15171407
south hams,e07000044,2006,791.095093224
south hams,e07000044,2007,760.695248805
south hams,e07000044,2008,721.849363271
south hams,e07000044,2009,649.864477548
south hams,e07000044,2010,680.547935693
south hams,e07000044,2011,624.204453267
south hams,e07000044,2012,643.316579661
south hams,e07000044,2013,601.321010602
south hams,e07000044,2014,573.756517336
south hams,e07000044,2015,547.538555941
south hams,e07000044,2016,537.216180488
south hams,e07000044,2017,534.111308845
south hams,e07000044,2018,518.194822904
south hams,e07000044,2019,491.44565305
south hams,e07000044,2020,437.634962091
south hams,e07000044,2021,474.589351468
south hams,e07000044,2022,457.331171886
south holland,e07000140,2005,709.163798533
south holland,e07000140,2006,710.932251952
south holland,e07000140,2007,703.656495392
south holland,e07000140,2008,704.545646126
south holland,e07000140,2009,623.872153994
south holland,e07000140,2010,664.778396839
south holland,e07000140,2011,587.852975063
south holland,e07000140,2012,666.127592112
south holland,e07000140,2013,627.341457273
south holland,e07000140,2014,586.053631326
south holland,e07000140,2015,566.603739798
south holland,e07000140,2016,544.04682858
south holland,e07000140,2017,520.974028678
south holland,e07000140,2018,528.22903053
south holland,e07000140,2019,500.053383412
south holland,e07000140,2020,467.964280017
south holland,e07000140,2021,498.51466862
south holland,e07000140,2022,472.860510044
south kesteven,e07000141,2005,1083.74474271
south kesteven,e07000141,2006,1126.622726753
south kesteven,e07000141,2007,1082.486041094
south kesteven,e07000141,2008,1033.612253022
south kesteven,e07000141,2009,951.145245348
south kesteven,e07000141,2010,1003.259118927
south kesteven,e07000141,2011,923.9742589049999
south kesteven,e07000141,2012,954.9216585290001
south kesteven,e07000141,2013,932.745270653
south kesteven,e07000141,2014,850.503822003
south kesteven,e07000141,2015,839.704366559
south kesteven,e07000141,2016,809.0209235880001
south kesteven,e07000141,2017,800.283044882
south kesteven,e07000141,2018,782.086417438
south kesteven,e07000141,2019,747.6801506429999
south kesteven,e07000141,2020,658.132530519
south kesteven,e07000141,2021,708.213481883
south kesteven,e07000141,2022,682.074384229
south norfolk,e07000149,2005,1007.064145394
south norfolk,e07000149,2006,1004.487642483
south norfolk,e07000149,2007,990.240850395
south norfolk,e07000149,2008,996.654566862
south norfolk,e07000149,2009,929.361754139
south norfolk,e07000149,2010,959.521355222
south norfolk,e07000149,2011,896.593281054
south norfolk,e07000149,2012,927.749135593
south norfolk,e07000149,2013,897.2704214
south norfolk,e07000149,2014,848.5092748659999
south norfolk,e07000149,2015,837.779474776
south norfolk,e07000149,2016,817.18005407
south norfolk,e07000149,2017,812.02538693
south norfolk,e07000149,2018,802.388856802
south norfolk,e07000149,2019,777.166679719
south norfolk,e07000149,2020,681.071949699
south norfolk,e07000149,2021,719.909993634
south norfolk,e07000149,2022,705.772331262
south oxfordshire,e07000179,2005,1038.086679317
south oxfordshire,e07000179,2006,1057.625209835
south oxfordshire,e07000179,2007,1040.246201594
south oxfordshire,e07000179,2008,1026.304954545
south oxfordshire,e07000179,2009,892.063984198
south oxfordshire,e07000179,2010,949.038806822
south oxfordshire,e07000179,2011,871.067025406
south oxfordshire,e07000179,2012,920.806414706
south oxfordshire,e07000179,2013,892.6510060749999
south oxfordshire,e07000179,2014,808.285763061
south oxfordshire,e07000179,2015,786.871700111
south oxfordshire,e07000179,2016,750.137710251
south oxfordshire,e07000179,2017,716.098739665
south oxfordshire,e07000179,2018,701.218392002
south oxfordshire,e07000179,2019,669.967188142
south oxfordshire,e07000179,2020,604.6941929660001
south oxfordshire,e07000179,2021,642.736439118
south oxfordshire,e07000179,2022,607.159087351
south ribble,e07000126,2005,732.859853063
south ribble,e07000126,2006,738.2377079089999
south ribble,e07000126,2007,706.402665253
south ribble,e07000126,2008,695.301085323
south ribble,e07000126,2009,602.548632367
south ribble,e07000126,2010,658.540568972
south ribble,e07000126,2011,589.325116458
south ribble,e07000126,2012,632.368475429
south ribble,e07000126,2013,619.667250423
south ribble,e07000126,2014,569.326160659
south ribble,e07000126,2015,553.807420644
south ribble,e07000126,2016,516.330709668
south ribble,e07000126,2017,507.78310216
south ribble,e07000126,2018,495.288826777
south ribble,e07000126,2019,477.958055505
south ribble,e07000126,2020,429.914330029
south ribble,e07000126,2021,442.016936988
south ribble,e07000126,2022,408.428920631
south staffordshire,e07000196,2005,720.332482481
south staffordshire,e07000196,2006,751.492034315
south staffordshire,e07000196,2007,735.822229438
south staffordshire,e07000196,2008,694.91824585
south staffordshire,e07000196,2009,662.307235486
south staffordshire,e07000196,2010,683.812262849
south staffordshire,e07000196,2011,638.22539019
south staffordshire,e07000196,2012,657.333179408
south staffordshire,e07000196,2013,650.127740123
south staffordshire,e07000196,2014,600.041460248
south staffordshire,e07000196,2015,595.1065505089999
south staffordshire,e07000196,2016,570.7242649469999
south staffordshire,e07000196,2017,588.654153387
south staffordshire,e07000196,2018,556.9204355100001
south staffordshire,e07000196,2019,553.574087918
south staffordshire,e07000196,2020,490.748394766
south staffordshire,e07000196,2021,530.311619193
south staffordshire,e07000196,2022,487.658660258
south tyneside,e08000023,2005,848.604335785
south tyneside,e08000023,2006,835.9791413629999
south tyneside,e08000023,2007,790.386795689
south tyneside,e08000023,2008,775.799786189
south tyneside,e08000023,2009,713.8012691819999
south tyneside,e08000023,2010,743.977940707
south tyneside,e08000023,2011,671.886769616
south tyneside,e08000023,2012,712.203512087
south tyneside,e08000023,2013,701.033841689
south tyneside,e08000023,2014,612.633357065
south tyneside,e08000023,2015,589.837707615
south tyneside,e08000023,2016,546.397155321
south tyneside,e08000023,2017,527.535650971
south tyneside,e08000023,2018,515.871568743
south tyneside,e08000023,2019,492.257806151
south tyneside,e08000023,2020,440.95224283
south tyneside,e08000023,2021,461.913487372
south tyneside,e08000023,2022,437.87246160899997
southampton,e06000045,2005,1430.382077796
southampton,e06000045,2006,1389.589527263
southampton,e06000045,2007,1328.755886903
southampton,e06000045,2008,1305.309159577
southampton,e06000045,2009,1181.887539157
southampton,e06000045,2010,1204.028214739
southampton,e06000045,2011,1093.83309466
southampton,e06000045,2012,1157.922671521
southampton,e06000045,2013,1071.771601637
southampton,e06000045,2014,958.022524561
southampton,e06000045,2015,910.216540364
southampton,e06000045,2016,846.407760232
southampton,e06000045,2017,800.124719639
southampton,e06000045,2018,780.51569035
southampton,e06000045,2019,738.5226388780001
southampton,e06000045,2020,653.291639069
southampton,e06000045,2021,687.123762849
southampton,e06000045,2022,651.969635466
southend-on-sea,e06000033,2005,955.770506817
southend-on-sea,e06000033,2006,945.0339323329999
southend-on-sea,e06000033,2007,914.17255564
southend-on-sea,e06000033,2008,889.015662554
southend-on-sea,e06000033,2009,820.0844651900001
southend-on-sea,e06000033,2010,849.213901667
southend-on-sea,e06000033,2011,756.130051356
southend-on-sea,e06000033,2012,812.052590052
southend-on-sea,e06000033,2013,787.41982364
southend-on-sea,e06000033,2014,688.208021976
southend-on-sea,e06000033,2015,658.348384137
southend-on-sea,e06000033,2016,622.134957028
southend-on-sea,e06000033,2017,596.849166381
southend-on-sea,e06000033,2018,581.237200105
southend-on-sea,e06000033,2019,541.744837901
southend-on-sea,e06000033,2020,491.723741987
southend-on-sea,e06000033,2021,517.022649175
southend-on-sea,e06000033,2022,477.30496425
southwark,e09000028,2005,1821.658164727
southwark,e09000028,2006,1824.502369367
southwark,e09000028,2007,1782.900363523
southwark,e09000028,2008,1743.290614962
southwark,e09000028,2009,1561.310239669
southwark,e09000028,2010,1638.070309591
southwark,e09000028,2011,1465.784152912
southwark,e09000028,2012,1598.977167242
southwark,e09000028,2013,1517.5613289130001
southwark,e09000028,2014,1324.179398361
southwark,e09000028,2015,1264.263315604
southwark,e09000028,2016,1169.96179432
southwark,e09000028,2017,1089.983479802
southwark,e09000028,2018,1056.658220237
southwark,e09000028,2019,958.343144374
southwark,e09000028,2020,827.1977840779999
southwark,e09000028,2021,888.712449685
southwark,e09000028,2022,832.862884688
spelthorne,e07000213,2005,585.567276251
spelthorne,e07000213,2006,587.3377345289999
spelthorne,e07000213,2007,577.444591958
spelthorne,e07000213,2008,606.288745104
spelthorne,e07000213,2009,585.921344303
spelthorne,e07000213,2010,608.539935268
spelthorne,e07000213,2011,588.278237207
spelthorne,e07000213,2012,490.231499419
spelthorne,e07000213,2013,478.252950544
spelthorne,e07000213,2014,425.640484538
spelthorne,e07000213,2015,403.032057372
spelthorne,e07000213,2016,390.364365683
spelthorne,e07000213,2017,371.48418814900003
spelthorne,e07000213,2018,360.826933822
spelthorne,e07000213,2019,339.844827809
spelthorne,e07000213,2020,300.661460529
spelthorne,e07000213,2021,313.780905084
spelthorne,e07000213,2022,297.106210829
st albans,e07000240,2005,873.220538045
st albans,e07000240,2006,879.450445268
st albans,e07000240,2007,871.068137329
st albans,e07000240,2008,847.44017013
st albans,e07000240,2009,795.018535873
st albans,e07000240,2010,820.120618566
st albans,e07000240,2011,729.336302418
st albans,e07000240,2012,767.118254169
st albans,e07000240,2013,752.529563698
st albans,e07000240,2014,669.288278777
st albans,e07000240,2015,649.40400911
st albans,e07000240,2016,621.657724812
st albans,e07000240,2017,595.649527591
st albans,e07000240,2018,592.154727699
st albans,e07000240,2019,554.022316144
st albans,e07000240,2020,508.239673994
st albans,e07000240,2021,532.737292385
st albans,e07000240,2022,494.510694626
st. helens,e08000013,2005,1393.948743287
st. helens,e08000013,2006,1329.26092849
st. helens,e08000013,2007,1268.549736764
st. helens,e08000013,2008,1190.33036191
st. helens,e08000013,2009,1053.774982886
st. helens,e08000013,2010,1171.745945422
st. helens,e08000013,2011,1117.628558593
st. helens,e08000013,2012,1116.869798072
st. helens,e08000013,2013,1103.150906272
st. helens,e08000013,2014,986.583668463
st. helens,e08000013,2015,938.88269272
st. helens,e08000013,2016,891.278560531
st. helens,e08000013,2017,863.299818095
st. helens,e08000013,2018,869.347654004
st. helens,e08000013,2019,820.070107751
st. helens,e08000013,2020,766.472932835
st. helens,e08000013,2021,792.5812155570001
st. helens,e08000013,2022,703.80784261
stafford,e07000197,2005,964.347696623
stafford,e07000197,2006,1004.229000226
stafford,e07000197,2007,966.995423943
stafford,e07000197,2008,962.705758814
stafford,e07000197,2009,889.518318848
stafford,e07000197,2010,926.38848853
stafford,e07000197,2011,842.041301293
stafford,e07000197,2012,896.584106721
stafford,e07000197,2013,870.167213213
stafford,e07000197,2014,778.107123571
stafford,e07000197,2015,774.927481415
stafford,e07000197,2016,738.938042629
stafford,e07000197,2017,707.696636639
stafford,e07000197,2018,699.211271913
stafford,e07000197,2019,664.95548522
stafford,e07000197,2020,591.017053984
stafford,e07000197,2021,635.5756369119999
stafford,e07000197,2022,604.9350854959999
staffordshire moorlands,e07000198,2005,791.03927311100006
staffordshire moorlands,e07000198,2006,820.317347175
staffordshire moorlands,e07000198,2007,807.5610145969999
staffordshire moorlands,e07000198,2008,761.209838161
staffordshire moorlands,e07000198,2009,709.151073868
staffordshire moorlands,e07000198,2010,738.797772482
staffordshire moorlands,e07000198,2011,679.212087578
staffordshire moorlands,e07000198,2012,685.163934074
staffordshire moorlands,e07000198,2013,723.526784816
staffordshire moorlands,e07000198,2014,663.286540216
staffordshire moorlands,e07000198,2015,647.455522936
staffordshire moorlands,e07000198,2016,621.887062151
staffordshire moorlands,e07000198,2017,591.058986569
staffordshire moorlands,e07000198,2018,588.792333167
staffordshire moorlands,e07000198,2019,546.440672061
staffordshire moorlands,e07000198,2020,475.889229414
staffordshire moorlands,e07000198,2021,526.814676168
staffordshire moorlands,e07000198,2022,492.104990401
stevenage,e07000243,2005,579.459121834
stevenage,e07000243,2006,593.913027848
stevenage,e07000243,2007,579.088718362
stevenage,e07000243,2008,555.539800404
stevenage,e07000243,2009,505.795212003
stevenage,e07000243,2010,531.807964497
stevenage,e07000243,2011,486.858043531
stevenage,e07000243,2012,501.050949733
stevenage,e07000243,2013,482.689663272
stevenage,e07000243,2014,429.015938257
stevenage,e07000243,2015,412.741398047
stevenage,e07000243,2016,385.822820254
stevenage,e07000243,2017,365.3502416
stevenage,e07000243,2018,363.538562255
stevenage,e07000243,2019,347.208029148
stevenage,e07000243,2020,310.43062055
stevenage,e07000243,2021,323.355840471
stevenage,e07000243,2022,305.856960477
stockport,e08000007,2005,1789.31644834
stockport,e08000007,2006,1768.7940245089999
stockport,e08000007,2007,1704.126115928
stockport,e08000007,2008,1697.397286462
stockport,e08000007,2009,1517.251250492
stockport,e08000007,2010,1572.75875956
stockport,e08000007,2011,1412.875159282
stockport,e08000007,2012,1524.692429166
stockport,e08000007,2013,1473.249920786
stockport,e08000007,2014,1277.450634808
stockport,e08000007,2015,1245.253307086
stockport,e08000007,2016,1159.594283834
stockport,e08000007,2017,1133.716502456
stockport,e08000007,2018,1121.49939046
stockport,e08000007,2019,1097.244053249
stockport,e08000007,2020,986.398466114
stockport,e08000007,2021,1014.281169278
stockport,e08000007,2022,945.885520768
stockton-on-tees,e06000004,2005,1828.971448099
stockton-on-tees,e06000004,2006,1781.469069352
stockton-on-tees,e06000004,2007,1650.3237205159999
stockton-on-tees,e06000004,2008,1628.454828163
stockton-on-tees,e06000004,2009,1502.187266572
stockton-on-tees,e06000004,2010,1555.529130748
stockton-on-tees,e06000004,2011,1349.343102665
stockton-on-tees,e06000004,2012,1438.44750683
stockton-on-tees,e06000004,2013,1497.884858682
stockton-on-tees,e06000004,2014,1350.373402724
stockton-on-tees,e06000004,2015,1291.532893913
stockton-on-tees,e06000004,2016,1163.018836312
stockton-on-tees,e06000004,2017,1178.438975844
stockton-on-tees,e06000004,2018,1148.730406485
stockton-on-tees,e06000004,2019,1125.431502006
stockton-on-tees,e06000004,2020,993.773581698
stockton-on-tees,e06000004,2021,1060.652463589
stockton-on-tees,e06000004,2022,909.658841098
stoke-on-trent,e06000021,2005,1993.899525409
stoke-on-trent,e06000021,2006,1903.915935753
stoke-on-trent,e06000021,2007,1745.98444129
stoke-on-trent,e06000021,2008,1686.300289709
stoke-on-trent,e06000021,2009,1604.142725519
stoke-on-trent,e06000021,2010,1697.749762171
stoke-on-trent,e06000021,2011,1594.89493944
stoke-on-trent,e06000021,2012,1641.003873788
stoke-on-trent,e06000021,2013,1714.35382108
stoke-on-trent,e06000021,2014,1722.074993759
stoke-on-trent,e06000021,2015,1589.724228904
stoke-on-trent,e06000021,2016,1500.320170229
stoke-on-trent,e06000021,2017,1219.905430817
stoke-on-trent,e06000021,2018,1203.553964535
stoke-on-trent,e06000021,2019,1126.956503443
stoke-on-trent,e06000021,2020,996.714838968
stoke-on-trent,e06000021,2021,1069.390329874
stoke-on-trent,e06000021,2022,974.360075582
stratford-on-avon,e07000221,2005,969.42604583
stratford-on-avon,e07000221,2006,994.896651085
stratford-on-avon,e07000221,2007,974.920117562
stratford-on-avon,e07000221,2008,961.53760021
stratford-on-avon,e07000221,2009,881.0752481300001
stratford-on-avon,e07000221,2010,895.2099366809999
stratford-on-avon,e07000221,2011,854.259711892
stratford-on-avon,e07000221,2012,915.010338002
stratford-on-avon,e07000221,2013,884.238108142
stratford-on-avon,e07000221,2014,826.343996081
stratford-on-avon,e07000221,2015,806.97218276
stratford-on-avon,e07000221,2016,779.845498665
stratford-on-avon,e07000221,2017,761.477452385
stratford-on-avon,e07000221,2018,753.458865829
stratford-on-avon,e07000221,2019,721.2187008450001
stratford-on-avon,e07000221,2020,635.355800175
stratford-on-avon,e07000221,2021,688.08128369
stratford-on-avon,e07000221,2022,663.206803297
stroud,e07000082,2005,779.605077648
stroud,e07000082,2006,799.394860128
stroud,e07000082,2007,785.51493472
stroud,e07000082,2008,769.161048147
stroud,e07000082,2009,698.799565865
stroud,e07000082,2010,730.4962012889999
stroud,e07000082,2011,683.886469514
stroud,e07000082,2012,709.946258143
stroud,e07000082,2013,693.040262054
stroud,e07000082,2014,632.171216402
stroud,e07000082,2015,606.76284308
stroud,e07000082,2016,577.190199657
stroud,e07000082,2017,550.225772425
stroud,e07000082,2018,553.979472807
stroud,e07000082,2019,528.132331576
stroud,e07000082,2020,482.486624687
stroud,e07000082,2021,528.204675149
stroud,e07000082,2022,490.977276578
sunderland,e08000024,2005,2056.129706998
sunderland,e08000024,2006,2026.286538271
sunderland,e08000024,2007,1927.043809922
sunderland,e08000024,2008,1859.378593486
sunderland,e08000024,2009,1685.8803935570002
sunderland,e08000024,2010,1764.098041519
sunderland,e08000024,2011,1608.026549423
sunderland,e08000024,2012,1707.222932654
sunderland,e08000024,2013,1661.926381705
sunderland,e08000024,2014,1496.122764941
sunderland,e08000024,2015,1435.326922858
sunderland,e08000024,2016,1335.640766301
sunderland,e08000024,2017,1299.759687804
sunderland,e08000024,2018,1254.823549076
sunderland,e08000024,2019,1184.500123993
sunderland,e08000024,2020,1046.218297809
sunderland,e08000024,2021,1100.333353382
sunderland,e08000024,2022,1046.14527671
surrey heath,e07000214,2005,603.699638834
surrey heath,e07000214,2006,607.604659765
surrey heath,e07000214,2007,601.897282255
surrey heath,e07000214,2008,618.142101743
surrey heath,e07000214,2009,569.131750631
surrey heath,e07000214,2010,590.223711462
surrey heath,e07000214,2011,542.38946804
surrey heath,e07000214,2012,567.827742984
surrey heath,e07000214,2013,549.609369484
surrey heath,e07000214,2014,491.469693371
surrey heath,e07000214,2015,470.545344077
surrey heath,e07000214,2016,447.05973283000003
surrey heath,e07000214,2017,426.25299477
surrey heath,e07000214,2018,418.304446069
surrey heath,e07000214,2019,398.587248857
surrey heath,e07000214,2020,354.838529582
surrey heath,e07000214,2021,376.230095466
surrey heath,e07000214,2022,350.935493961
sutton,e09000029,2005,927.497061868
sutton,e09000029,2006,924.983508275
sutton,e09000029,2007,904.9955964220001
sutton,e09000029,2008,893.290640384
sutton,e09000029,2009,839.108184231
sutton,e09000029,2010,879.114015704
sutton,e09000029,2011,784.124419563
sutton,e09000029,2012,844.253703945
sutton,e09000029,2013,817.97686506
sutton,e09000029,2014,720.074719492
sutton,e09000029,2015,688.075908301
sutton,e09000029,2016,649.85956511
sutton,e09000029,2017,620.516982395
sutton,e09000029,2018,619.13463859
sutton,e09000029,2019,590.154874499
sutton,e09000029,2020,550.232637714
sutton,e09000029,2021,588.093359337
sutton,e09000029,2022,543.985410722
swale,e07000113,2005,1091.918930668
swale,e07000113,2006,1224.882470487
swale,e07000113,2007,1276.11827619
swale,e07000113,2008,1184.010879528
swale,e07000113,2009,1070.723581267
swale,e07000113,2010,1497.471323614
swale,e07000113,2011,1319.955569346
swale,e07000113,2012,895.333275299
swale,e07000113,2013,874.544141827
swale,e07000113,2014,800.011991566
swale,e07000113,2015,771.881590387
swale,e07000113,2016,759.040528663
swale,e07000113,2017,688.689754026
swale,e07000113,2018,677.220118888
swale,e07000113,2019,660.488944987
swale,e07000113,2020,633.694163742
swale,e07000113,2021,673.175618549
swale,e07000113,2022,607.640621572
swindon,e06000030,2005,1526.910240915
swindon,e06000030,2006,1534.128402004
swindon,e06000030,2007,1521.328327043
swindon,e06000030,2008,1525.838418323
swindon,e06000030,2009,1351.538778205
swindon,e06000030,2010,1400.362273673
swindon,e06000030,2011,1253.019635481
swindon,e06000030,2012,1334.204633152
swindon,e06000030,2013,1279.550257006
swindon,e06000030,2014,1156.669011661
swindon,e06000030,2015,1108.63768875
swindon,e06000030,2016,1052.79702469
swindon,e06000030,2017,1005.009249757
swindon,e06000030,2018,986.174736746
swindon,e06000030,2019,930.6748744280001
swindon,e06000030,2020,819.19284268
swindon,e06000030,2021,870.308818721
swindon,e06000030,2022,789.9679138
tameside,e08000008,2005,1306.120835529
tameside,e08000008,2006,1285.4368736430001
tameside,e08000008,2007,1235.358173996
tameside,e08000008,2008,1203.354222565
tameside,e08000008,2009,1055.5571796279999
tameside,e08000008,2010,1122.879817467
tameside,e08000008,2011,1016.385059145
tameside,e08000008,2012,1080.619049683
tameside,e08000008,2013,1056.888799906
tameside,e08000008,2014,932.180882748
tameside,e08000008,2015,887.592567726
tameside,e08000008,2016,836.5116751420001
tameside,e08000008,2017,807.511863309
tameside,e08000008,2018,797.17811913
tameside,e08000008,2019,756.891356049
tameside,e08000008,2020,694.049741368
tameside,e08000008,2021,726.740259227
tameside,e08000008,2022,655.275449553
tamworth,e07000199,2005,452.02517390500003
tamworth,e07000199,2006,452.1257905
tamworth,e07000199,2007,428.87717417199997
tamworth,e07000199,2008,413.573248932
tamworth,e07000199,2009,372.387418309
tamworth,e07000199,2010,396.493231594
tamworth,e07000199,2011,361.23480092799997
tamworth,e07000199,2012,382.173605892
tamworth,e07000199,2013,376.76343460199996
tamworth,e07000199,2014,340.972818523
tamworth,e07000199,2015,323.311377306
tamworth,e07000199,2016,296.159035636
tamworth,e07000199,2017,278.960626752
tamworth,e07000199,2018,276.255431427
tamworth,e07000199,2019,254.245696501
tamworth,e07000199,2020,224.07358495699998
tamworth,e07000199,2021,240.396515006
tamworth,e07000199,2022,215.070248079
tandridge,e07000215,2005,528.548996137
tandridge,e07000215,2006,524.721451545
tandridge,e07000215,2007,513.753848271
tandridge,e07000215,2008,502.535175467
tandridge,e07000215,2009,473.027347883
tandridge,e07000215,2010,492.061141868
tandridge,e07000215,2011,451.966908033
tandridge,e07000215,2012,464.88458936899997
tandridge,e07000215,2013,463.413795879
tandridge,e07000215,2014,419.026055701
tandridge,e07000215,2015,408.430794734
tandridge,e07000215,2016,393.4092584
tandridge,e07000215,2017,376.08292005
tandridge,e07000215,2018,370.577567894
tandridge,e07000215,2019,353.782527721
tandridge,e07000215,2020,320.936751282
tandridge,e07000215,2021,337.301747486
tandridge,e07000215,2022,313.239663518
teignbridge,e07000045,2005,924.472361267
teignbridge,e07000045,2006,928.914953524
teignbridge,e07000045,2007,893.211750095
teignbridge,e07000045,2008,866.779715464
teignbridge,e07000045,2009,844.860921517
teignbridge,e07000045,2010,871.765630057
teignbridge,e07000045,2011,797.0012183599999
teignbridge,e07000045,2012,816.521011696
teignbridge,e07000045,2013,810.480398526
teignbridge,e07000045,2014,761.617378083
teignbridge,e07000045,2015,751.239091918
teignbridge,e07000045,2016,739.611561658
teignbridge,e07000045,2017,743.742502694
teignbridge,e07000045,2018,693.078865467
teignbridge,e07000045,2019,676.943906146
teignbridge,e07000045,2020,589.084826635
teignbridge,e07000045,2021,632.602179833
teignbridge,e07000045,2022,605.379143373
telford and wrekin,e06000020,2005,1303.890523639
telford and wrekin,e06000020,2006,1341.052126966
telford and wrekin,e06000020,2007,1282.244073046
telford and wrekin,e06000020,2008,1255.814757417
telford and wrekin,e06000020,2009,1110.999347481
telford and wrekin,e06000020,2010,1176.749265599
telford and wrekin,e06000020,2011,1086.785615388
telford and wrekin,e06000020,2012,1107.367066292
telford and wrekin,e06000020,2013,1090.237617351
telford and wrekin,e06000020,2014,994.996174109
telford and wrekin,e06000020,2015,958.716557314
telford and wrekin,e06000020,2016,899.5696108559999
telford and wrekin,e06000020,2017,872.75510609
telford and wrekin,e06000020,2018,862.649660908
telford and wrekin,e06000020,2019,827.350667646
telford and wrekin,e06000020,2020,736.439533267
telford and wrekin,e06000020,2021,782.745393754
telford and wrekin,e06000020,2022,745.187063369
tendring,e07000076,2005,864.762165459
tendring,e07000076,2006,861.988159054
tendring,e07000076,2007,828.84544965
tendring,e07000076,2008,832.669318087
tendring,e07000076,2009,783.826157751
tendring,e07000076,2010,817.02346861
tendring,e07000076,2011,738.671367306
tendring,e07000076,2012,777.828916093
tendring,e07000076,2013,768.902220799
tendring,e07000076,2014,687.281830312
tendring,e07000076,2015,670.218631058
tendring,e07000076,2016,637.744379103
tendring,e07000076,2017,624.830784064
tendring,e07000076,2018,618.897729374
tendring,e07000076,2019,601.9408048829999
tendring,e07000076,2020,552.386420355
tendring,e07000076,2021,596.470976467
tendring,e07000076,2022,549.57117665
test valley,e07000093,2005,904.910847406
test valley,e07000093,2006,921.37856173
test valley,e07000093,2007,901.993949448
test valley,e07000093,2008,880.128381733
test valley,e07000093,2009,824.692442758
test valley,e07000093,2010,857.483184659
test valley,e07000093,2011,797.399057298
test valley,e07000093,2012,845.1547802910001
test valley,e07000093,2013,823.881921523
test valley,e07000093,2014,759.917359087
test valley,e07000093,2015,728.271964661
test valley,e07000093,2016,722.075932871
test valley,e07000093,2017,691.740823494
test valley,e07000093,2018,703.47480818
test valley,e07000093,2019,680.150594045
test valley,e07000093,2020,595.837155634
test valley,e07000093,2021,634.183568347
test valley,e07000093,2022,602.522616349
tewkesbury,e07000083,2005,709.557711065
tewkesbury,e07000083,2006,751.521288409
tewkesbury,e07000083,2007,724.38857937
tewkesbury,e07000083,2008,686.361165731
tewkesbury,e07000083,2009,630.510290897
tewkesbury,e07000083,2010,667.741014626
tewkesbury,e07000083,2011,611.171106257
tewkesbury,e07000083,2012,629.4652808879999
tewkesbury,e07000083,2013,623.954552296
tewkesbury,e07000083,2014,577.128633214
tewkesbury,e07000083,2015,563.491482468
tewkesbury,e07000083,2016,532.101435616
tewkesbury,e07000083,2017,519.664145443
tewkesbury,e07000083,2018,512.137861716
tewkesbury,e07000083,2019,485.066886558
tewkesbury,e07000083,2020,418.005870531
tewkesbury,e07000083,2021,462.309748023
tewkesbury,e07000083,2022,451.830157139
thanet,e07000114,2005,681.757562304
thanet,e07000114,2006,680.154422545
thanet,e07000114,2007,669.729318005
thanet,e07000114,2008,688.640957198
thanet,e07000114,2009,635.338878094
thanet,e07000114,2010,722.596822654
thanet,e07000114,2011,627.035901178
thanet,e07000114,2012,662.83872893
thanet,e07000114,2013,647.4365913089999
thanet,e07000114,2014,571.646666391
thanet,e07000114,2015,560.715437309
thanet,e07000114,2016,532.846656735
thanet,e07000114,2017,561.052562842
thanet,e07000114,2018,548.794458728
thanet,e07000114,2019,512.521619171
thanet,e07000114,2020,480.26752933399996
thanet,e07000114,2021,500.46138704000003
thanet,e07000114,2022,469.917336216
three rivers,e07000102,2005,563.050361523
three rivers,e07000102,2006,567.142088309
three rivers,e07000102,2007,546.513191209
three rivers,e07000102,2008,520.871470169
three rivers,e07000102,2009,482.784681365
three rivers,e07000102,2010,505.04027386300004
three rivers,e07000102,2011,455.83114324
three rivers,e07000102,2012,480.563992048
three rivers,e07000102,2013,471.296346901
three rivers,e07000102,2014,426.29477192999997
three rivers,e07000102,2015,414.967691455
three rivers,e07000102,2016,396.391220274
three rivers,e07000102,2017,382.885362841
three rivers,e07000102,2018,400.395412992
three rivers,e07000102,2019,365.888684023
three rivers,e07000102,2020,334.777262845
three rivers,e07000102,2021,351.5192303
three rivers,e07000102,2022,332.374813388
thurrock,e06000034,2005,1726.868072833
thurrock,e06000034,2006,1667.998785097
thurrock,e06000034,2007,1645.178168215
thurrock,e06000034,2008,1649.22431139
thurrock,e06000034,2009,1229.743043498
thurrock,e06000034,2010,1261.227286805
thurrock,e06000034,2011,1090.614603282
thurrock,e06000034,2012,1221.064776531
thurrock,e06000034,2013,1101.981764703
thurrock,e06000034,2014,1024.695958645
thurrock,e06000034,2015,930.532542979
thurrock,e06000034,2016,895.520650814
thurrock,e06000034,2017,869.868544928
thurrock,e06000034,2018,896.872545292
thurrock,e06000034,2019,821.036424348
thurrock,e06000034,2020,785.1353955870001
thurrock,e06000034,2021,819.456729326
thurrock,e06000034,2022,776.352150252
tonbridge and malling,e07000115,2005,775.1118555649999
tonbridge and malling,e07000115,2006,781.9626111150001
tonbridge and malling,e07000115,2007,769.1397893339999
tonbridge and malling,e07000115,2008,770.154945009
tonbridge and malling,e07000115,2009,711.936113606
tonbridge and malling,e07000115,2010,762.324248269
tonbridge and malling,e07000115,2011,702.214929789
tonbridge and malling,e07000115,2012,726.524988656
tonbridge and malling,e07000115,2013,704.203753175
tonbridge and malling,e07000115,2014,727.499763635
tonbridge and malling,e07000115,2015,622.508661488
tonbridge and malling,e07000115,2016,584.74326738
tonbridge and malling,e07000115,2017,562.9044791929999
tonbridge and malling,e07000115,2018,563.646940662
tonbridge and malling,e07000115,2019,542.850597988
tonbridge and malling,e07000115,2020,486.572375631
tonbridge and malling,e07000115,2021,510.891974104
tonbridge and malling,e07000115,2022,476.334995724
torbay,e06000027,2005,745.123493873
torbay,e06000027,2006,732.718855029
torbay,e06000027,2007,707.2562537910001
torbay,e06000027,2008,691.813809745
torbay,e06000027,2009,631.337380297
torbay,e06000027,2010,646.601967206
torbay,e06000027,2011,587.3133558
torbay,e06000027,2012,616.498669218
torbay,e06000027,2013,594.250793144
torbay,e06000027,2014,532.481664364
torbay,e06000027,2015,512.1953158800001
torbay,e06000027,2016,480.401605186
torbay,e06000027,2017,482.13192219999996
torbay,e06000027,2018,471.83844198
torbay,e06000027,2019,452.557943211
torbay,e06000027,2020,406.514245295
torbay,e06000027,2021,426.789798252
torbay,e06000027,2022,396.691060966
torridge,e07000046,2005,418.041224551
torridge,e07000046,2006,426.954303521
torridge,e07000046,2007,417.629769167
torridge,e07000046,2008,423.162824013
torridge,e07000046,2009,392.946938156
torridge,e07000046,2010,409.520355229
torridge,e07000046,2011,374.841900848
torridge,e07000046,2012,369.614446118
torridge,e07000046,2013,376.723992384
torridge,e07000046,2014,330.326959165
torridge,e07000046,2015,343.781592112
torridge,e07000046,2016,329.571479125
torridge,e07000046,2017,317.438445014
torridge,e07000046,2018,314.464873893
torridge,e07000046,2019,300.043759695
torridge,e07000046,2020,280.260157316
torridge,e07000046,2021,301.127216872
torridge,e07000046,2022,287.439485258
tower hamlets,e09000030,2005,2092.121785127
tower hamlets,e09000030,2006,2435.777936854
tower hamlets,e09000030,2007,2415.604661848
tower hamlets,e09000030,2008,2438.064672625
tower hamlets,e09000030,2009,2157.865334228
tower hamlets,e09000030,2010,2301.721191231
tower hamlets,e09000030,2011,1982.041415723
tower hamlets,e09000030,2012,2145.17178553
tower hamlets,e09000030,2013,2008.302897868
tower hamlets,e09000030,2014,1695.330508972
tower hamlets,e09000030,2015,1615.728198283
tower hamlets,e09000030,2016,1432.182706922
tower hamlets,e09000030,2017,1303.576019982
tower hamlets,e09000030,2018,1279.372375189
tower hamlets,e09000030,2019,1160.949683115
tower hamlets,e09000030,2020,1011.6750460989999
tower hamlets,e09000030,2021,1082.587156525
tower hamlets,e09000030,2022,1016.663664911
trafford,e08000009,2005,2099.138799289
trafford,e08000009,2006,2103.473716022
trafford,e08000009,2007,2022.585412682
trafford,e08000009,2008,2003.888431522
trafford,e08000009,2009,1881.838461234
trafford,e08000009,2010,2017.10864142
trafford,e08000009,2011,1704.159619115
trafford,e08000009,2012,1925.860556074
trafford,e08000009,2013,1864.203845453
trafford,e08000009,2014,1601.031879141
trafford,e08000009,2015,1405.317521765
trafford,e08000009,2016,1326.673321888
trafford,e08000009,2017,1275.41662958
trafford,e08000009,2018,1271.129482951
trafford,e08000009,2019,1261.97887052
trafford,e08000009,2020,1047.691659913
trafford,e08000009,2021,1190.326114204
trafford,e08000009,2022,1084.076473214
tunbridge wells,e07000116,2005,726.059926265
tunbridge wells,e07000116,2006,732.012143179
tunbridge wells,e07000116,2007,718.670968371
tunbridge wells,e07000116,2008,701.632595854
tunbridge wells,e07000116,2009,659.064862786
tunbridge wells,e07000116,2010,686.864841274
tunbridge wells,e07000116,2011,639.889449731
tunbridge wells,e07000116,2012,671.826102157
tunbridge wells,e07000116,2013,635.256659688
tunbridge wells,e07000116,2014,579.867021297
tunbridge wells,e07000116,2015,554.158332696
tunbridge wells,e07000116,2016,521.895476703
tunbridge wells,e07000116,2017,499.481950255
tunbridge wells,e07000116,2018,498.170306042
tunbridge wells,e07000116,2019,474.900005303
tunbridge wells,e07000116,2020,433.054281443
tunbridge wells,e07000116,2021,457.20008872299996
tunbridge wells,e07000116,2022,429.74651947
uttlesford,e07000077,2005,655.446255379
uttlesford,e07000077,2006,665.964803598
uttlesford,e07000077,2007,660.603730798
uttlesford,e07000077,2008,659.296364382
uttlesford,e07000077,2009,603.347101972
uttlesford,e07000077,2010,634.558453788
uttlesford,e07000077,2011,586.577505522
uttlesford,e07000077,2012,603.164848344
uttlesford,e07000077,2013,588.530340376
uttlesford,e07000077,2014,546.401128086
uttlesford,e07000077,2015,536.487630452
uttlesford,e07000077,2016,529.034245876
uttlesford,e07000077,2017,518.990826102
uttlesford,e07000077,2018,520.826796632
uttlesford,e07000077,2019,512.389053224
uttlesford,e07000077,2020,425.659445727
uttlesford,e07000077,2021,458.23786243300003
uttlesford,e07000077,2022,462.377346414
vale of white horse,e07000180,2005,1081.161071428
vale of white horse,e07000180,2006,1088.665416318
vale of white horse,e07000180,2007,1056.525593527
vale of white horse,e07000180,2008,1065.372641557
vale of white horse,e07000180,2009,997.884392896
vale of white horse,e07000180,2010,1028.489588842
vale of white horse,e07000180,2011,912.916658916
vale of white horse,e07000180,2012,1007.829558933
vale of white horse,e07000180,2013,961.033987868
vale of white horse,e07000180,2014,891.954279368
vale of white horse,e07000180,2015,875.631682294
vale of white horse,e07000180,2016,857.187189257
vale of white horse,e07000180,2017,824.402044534
vale of white horse,e07000180,2018,813.307234764
vale of white horse,e07000180,2019,792.487903695
vale of white horse,e07000180,2020,690.107296384
vale of white horse,e07000180,2021,733.289997636
vale of white horse,e07000180,2022,714.652232703
wakefield,e08000036,2005,2381.125235818
wakefield,e08000036,2006,2378.705901355
wakefield,e08000036,2007,2306.253010859
wakefield,e08000036,2008,2263.600305526
wakefield,e08000036,2009,2054.619563157
wakefield,e08000036,2010,2131.165621378
wakefield,e08000036,2011,1952.9360461069998
wakefield,e08000036,2012,2097.7463645420003
wakefield,e08000036,2013,2037.045366181
wakefield,e08000036,2014,1862.064451194
wakefield,e08000036,2015,1763.18827987
wakefield,e08000036,2016,1654.646002195
wakefield,e08000036,2017,1612.779031888
wakefield,e08000036,2018,1664.554561639
wakefield,e08000036,2019,1591.838431593
wakefield,e08000036,2020,1443.017014681
wakefield,e08000036,2021,1517.776921916
wakefield,e08000036,2022,1405.6928766570002
walsall,e08000030,2005,1664.787349268
walsall,e08000030,2006,1660.648121882
walsall,e08000030,2007,1585.518004516
walsall,e08000030,2008,1515.276336521
walsall,e08000030,2009,1315.168920332
walsall,e08000030,2010,1395.844418685
walsall,e08000030,2011,1293.208057698
walsall,e08000030,2012,1332.565745078
walsall,e08000030,2013,1313.432679946
walsall,e08000030,2014,1178.791761327
walsall,e08000030,2015,1125.922149711
walsall,e08000030,2016,1053.464483208
walsall,e08000030,2017,1019.859702619
walsall,e08000030,2018,1004.758837713
walsall,e08000030,2019,937.804255683
walsall,e08000030,2020,836.101256983
walsall,e08000030,2021,897.3982378850001
walsall,e08000030,2022,827.195282049
waltham forest,e09000031,2005,1040.698877252
waltham forest,e09000031,2006,1045.103871
waltham forest,e09000031,2007,995.447747984
waltham forest,e09000031,2008,1008.75704758
waltham forest,e09000031,2009,910.515078024
waltham forest,e09000031,2010,993.96242011
waltham forest,e09000031,2011,889.960488472
waltham forest,e09000031,2012,935.628620122
waltham forest,e09000031,2013,914.778925056
waltham forest,e09000031,2014,816.524626231
waltham forest,e09000031,2015,779.943210773
waltham forest,e09000031,2016,742.9850379310001
waltham forest,e09000031,2017,705.109720608
waltham forest,e09000031,2018,705.565347844
waltham forest,e09000031,2019,662.2338299749999
waltham forest,e09000031,2020,605.297392823
waltham forest,e09000031,2021,625.753210605
waltham forest,e09000031,2022,571.365607418
wandsworth,e09000032,2005,1529.73720476
wandsworth,e09000032,2006,1487.031213941
wandsworth,e09000032,2007,1442.078391723
wandsworth,e09000032,2008,1344.307450438
wandsworth,e09000032,2009,1233.201397799
wandsworth,e09000032,2010,1302.980591088
wandsworth,e09000032,2011,1164.2382883129999
wandsworth,e09000032,2012,1230.111705223
wandsworth,e09000032,2013,1192.653588465
wandsworth,e09000032,2014,1044.426345531
wandsworth,e09000032,2015,1000.0312919539999
wandsworth,e09000032,2016,970.162996894
wandsworth,e09000032,2017,911.058976338
wandsworth,e09000032,2018,894.8684957840001
wandsworth,e09000032,2019,860.037355854
wandsworth,e09000032,2020,794.990526675
wandsworth,e09000032,2021,832.757514697
wandsworth,e09000032,2022,761.718064153
warrington,e06000007,2005,1514.312436427
warrington,e06000007,2006,1511.151076567
warrington,e06000007,2007,1480.486846892
warrington,e06000007,2008,1432.5954996340001
warrington,e06000007,2009,1304.049099236
warrington,e06000007,2010,1398.253368163
warrington,e06000007,2011,1207.631186198
warrington,e06000007,2012,1287.38725584
warrington,e06000007,2013,1270.108452767
warrington,e06000007,2014,1124.991951916
warrington,e06000007,2015,1097.457571614
warrington,e06000007,2016,1050.325419553
warrington,e06000007,2017,1000.527864986
warrington,e06000007,2018,994.532307794
warrington,e06000007,2019,966.0106748229999
warrington,e06000007,2020,871.580625415
warrington,e06000007,2021,942.573986042
warrington,e06000007,2022,873.359741865
warwick,e07000222,2005,1089.853006135
warwick,e07000222,2006,1093.414342307
warwick,e07000222,2007,1042.81247569
warwick,e07000222,2008,1010.925601835
warwick,e07000222,2009,923.624783538
warwick,e07000222,2010,960.096761225
warwick,e07000222,2011,885.090096037
warwick,e07000222,2012,927.077282769
warwick,e07000222,2013,892.386578251
warwick,e07000222,2014,809.906688067
warwick,e07000222,2015,807.576173555
warwick,e07000222,2016,764.694761713
warwick,e07000222,2017,740.424555319
warwick,e07000222,2018,726.642054118
warwick,e07000222,2019,689.7748614449999
warwick,e07000222,2020,588.957952385
warwick,e07000222,2021,633.559934839
warwick,e07000222,2022,616.024942669
watford,e07000103,2005,557.23844631
watford,e07000103,2006,561.369112923
watford,e07000103,2007,548.6569015590001
watford,e07000103,2008,554.3686970470001
watford,e07000103,2009,515.77474642
watford,e07000103,2010,542.6463026509999
watford,e07000103,2011,478.226543677
watford,e07000103,2012,526.246120775
watford,e07000103,2013,510.12596512
watford,e07000103,2014,447.697278746
watford,e07000103,2015,414.79867695900003
watford,e07000103,2016,385.361906262
watford,e07000103,2017,365.228621397
watford,e07000103,2018,350.466831064
watford,e07000103,2019,325.971564587
watford,e07000103,2020,289.091620028
watford,e07000103,2021,302.991840295
watford,e07000103,2022,281.08298669600003
waverley,e07000216,2005,840.5327907999999
waverley,e07000216,2006,833.003647137
waverley,e07000216,2007,808.601340595
waverley,e07000216,2008,801.924118543
waverley,e07000216,2009,753.018235397
waverley,e07000216,2010,770.268952221
waverley,e07000216,2011,706.481374148
waverley,e07000216,2012,747.486196201
waverley,e07000216,2013,728.661514338
waverley,e07000216,2014,670.1582621590001
waverley,e07000216,2015,655.6190866640001
waverley,e07000216,2016,639.9761294909999
waverley,e07000216,2017,615.930333636
waverley,e07000216,2018,607.733856597
waverley,e07000216,2019,582.831250072
waverley,e07000216,2020,519.466765299
waverley,e07000216,2021,546.948510355
waverley,e07000216,2022,509.099467069
wealden,e07000065,2005,1017.544410395
wealden,e07000065,2006,1018.119581754
wealden,e07000065,2007,1004.043858157
wealden,e07000065,2008,984.440603713
wealden,e07000065,2009,927.025415928
wealden,e07000065,2010,957.223632934
wealden,e07000065,2011,889.6995058990001
wealden,e07000065,2012,918.872734698
wealden,e07000065,2013,893.905129963
wealden,e07000065,2014,835.88998006
wealden,e07000065,2015,817.279769194
wealden,e07000065,2016,794.274108506
wealden,e07000065,2017,769.601199218
wealden,e07000065,2018,755.792469163
wealden,e07000065,2019,725.8818196779999
wealden,e07000065,2020,646.789701458
wealden,e07000065,2021,673.448001955
wealden,e07000065,2022,639.651493727
welwyn hatfield,e07000241,2005,755.638058816
welwyn hatfield,e07000241,2006,772.7398355
welwyn hatfield,e07000241,2007,756.586063707
welwyn hatfield,e07000241,2008,733.562038448
welwyn hatfield,e07000241,2009,685.531724866
welwyn hatfield,e07000241,2010,722.532617496
welwyn hatfield,e07000241,2011,663.543263136
welwyn hatfield,e07000241,2012,701.216884605
welwyn hatfield,e07000241,2013,685.840525201
welwyn hatfield,e07000241,2014,611.471806119
welwyn hatfield,e07000241,2015,580.297102317
welwyn hatfield,e07000241,2016,543.793665359
welwyn hatfield,e07000241,2017,526.977754632
welwyn hatfield,e07000241,2018,524.401171635
welwyn hatfield,e07000241,2019,496.661019539
welwyn hatfield,e07000241,2020,448.635646588
welwyn hatfield,e07000241,2021,476.025929726
welwyn hatfield,e07000241,2022,446.251340249
west berkshire,e06000037,2005,1273.175148418
west berkshire,e06000037,2006,1285.060155643
west berkshire,e06000037,2007,1286.650905212
west berkshire,e06000037,2008,1253.422280545
west berkshire,e06000037,2009,1179.36764934
west berkshire,e06000037,2010,1223.129244233
west berkshire,e06000037,2011,1081.948269331
west berkshire,e06000037,2012,1176.899205863
west berkshire,e06000037,2013,1145.372636141
west berkshire,e06000037,2014,1033.283376832
west berkshire,e06000037,2015,978.332421014
west berkshire,e06000037,2016,927.9412145599999
west berkshire,e06000037,2017,875.827642584
west berkshire,e06000037,2018,859.243057994
west berkshire,e06000037,2019,813.792144337
west berkshire,e06000037,2020,720.421814073
west berkshire,e06000037,2021,765.019278978
west berkshire,e06000037,2022,739.473892321
west devon,e07000047,2005,441.345612974
west devon,e07000047,2006,458.318502558
west devon,e07000047,2007,445.47576024
west devon,e07000047,2008,450.132148658
west devon,e07000047,2009,421.575177173
west devon,e07000047,2010,432.919704903
west devon,e07000047,2011,392.282194683
west devon,e07000047,2012,412.515304249
west devon,e07000047,2013,408.24574041200003
west devon,e07000047,2014,374.03569689
west devon,e07000047,2015,381.210789331
west devon,e07000047,2016,376.655353716
west devon,e07000047,2017,383.61541523
west devon,e07000047,2018,367.17974044
west devon,e07000047,2019,370.474325371
west devon,e07000047,2020,317.874726956
west devon,e07000047,2021,356.75421787
west devon,e07000047,2022,343.453629333
west lancashire,e07000127,2005,855.674190567
west lancashire,e07000127,2006,839.286873729
west lancashire,e07000127,2007,799.882812998
west lancashire,e07000127,2008,805.783669611
west lancashire,e07000127,2009,734.159932724
west lancashire,e07000127,2010,781.905636783
west lancashire,e07000127,2011,695.079199164
west lancashire,e07000127,2012,743.241493727
west lancashire,e07000127,2013,726.914812006
west lancashire,e07000127,2014,659.59949848
west lancashire,e07000127,2015,655.137105049
west lancashire,e07000127,2016,609.59468507
west lancashire,e07000127,2017,616.753198625
west lancashire,e07000127,2018,655.301606237
west lancashire,e07000127,2019,641.17341963
west lancashire,e07000127,2020,584.265388076
west lancashire,e07000127,2021,622.605292372
west lancashire,e07000127,2022,567.75243118
west lindsey,e07000142,2005,652.266488732
west lindsey,e07000142,2006,671.6202598360001
west lindsey,e07000142,2007,651.981532241
west lindsey,e07000142,2008,648.242447688
west lindsey,e07000142,2009,601.508047198
west lindsey,e07000142,2010,626.61570765
west lindsey,e07000142,2011,571.341589345
west lindsey,e07000142,2012,622.177246682
west lindsey,e07000142,2013,591.69054312
west lindsey,e07000142,2014,549.935710667
west lindsey,e07000142,2015,535.749652579
west lindsey,e07000142,2016,528.893636619
west lindsey,e07000142,2017,523.256139482
west lindsey,e07000142,2018,526.656054047
west lindsey,e07000142,2019,511.151309473
west lindsey,e07000142,2020,457.624275097
west lindsey,e07000142,2021,483.857665892
west lindsey,e07000142,2022,456.767053488
west northamptonshire,e06000062,2005,2927.773843716
west northamptonshire,e06000062,2006,2920.53758355
west northamptonshire,e06000062,2007,2839.920352113
west northamptonshire,e06000062,2008,2797.230193391
west northamptonshire,e06000062,2009,2523.128970105
west northamptonshire,e06000062,2010,2627.288316534
west northamptonshire,e06000062,2011,2418.007481538
west northamptonshire,e06000062,2012,2562.429287231
west northamptonshire,e06000062,2013,2461.767840159
west northamptonshire,e06000062,2014,2270.921867179
west northamptonshire,e06000062,2015,2190.982501666
west northamptonshire,e06000062,2016,2091.264767538
west northamptonshire,e06000062,2017,2035.770047041
west northamptonshire,e06000062,2018,2012.041857339
west northamptonshire,e06000062,2019,1938.871666964
west northamptonshire,e06000062,2020,1751.480722015
west northamptonshire,e06000062,2021,1901.670489784
west northamptonshire,e06000062,2022,1833.775751363
west oxfordshire,e07000181,2005,785.728449913
west oxfordshire,e07000181,2006,784.957808208
west oxfordshire,e07000181,2007,779.839049109
west oxfordshire,e07000181,2008,755.408739055
west oxfordshire,e07000181,2009,719.863247397
west oxfordshire,e07000181,2010,743.748266141
west oxfordshire,e07000181,2011,690.882448948
west oxfordshire,e07000181,2012,710.444122453
west oxfordshire,e07000181,2013,703.900065455
west oxfordshire,e07000181,2014,648.763455987
west oxfordshire,e07000181,2015,628.278416831
west oxfordshire,e07000181,2016,610.36792509
west oxfordshire,e07000181,2017,585.561470428
west oxfordshire,e07000181,2018,576.090264739
west oxfordshire,e07000181,2019,555.843350042
west oxfordshire,e07000181,2020,500.709458843
west oxfordshire,e07000181,2021,529.042170467
west oxfordshire,e07000181,2022,500.474229113
west suffolk,e07000245,2005,1675.189295696
west suffolk,e07000245,2006,1649.866537186
west suffolk,e07000245,2007,1514.685820982
west suffolk,e07000245,2008,1477.875738722
west suffolk,e07000245,2009,1506.729354686
west suffolk,e07000245,2010,1693.050884329
west suffolk,e07000245,2011,1441.269887034
west suffolk,e07000245,2012,1531.714118569
west suffolk,e07000245,2013,1469.1822073
west suffolk,e07000245,2014,1393.437587351
west suffolk,e07000245,2015,1392.838768571
west suffolk,e07000245,2016,1309.284819345
west suffolk,e07000245,2017,1219.1474490790001
west suffolk,e07000245,2018,1204.059551034
west suffolk,e07000245,2019,1144.951220792
west suffolk,e07000245,2020,1039.860293605
west suffolk,e07000245,2021,1147.196325469
west suffolk,e07000245,2022,1100.515629705
westminster,e09000033,2005,3524.675354323
westminster,e09000033,2006,3695.124118489
westminster,e09000033,2007,3543.911347359
westminster,e09000033,2008,3576.638992227
westminster,e09000033,2009,3192.397605549
westminster,e09000033,2010,3374.461490273
westminster,e09000033,2011,3064.2729963
westminster,e09000033,2012,3289.109713832
westminster,e09000033,2013,3136.68597443
westminster,e09000033,2014,2657.754213738
westminster,e09000033,2015,2435.083543619
westminster,e09000033,2016,2200.263016647
westminster,e09000033,2017,2033.161702908
westminster,e09000033,2018,1989.969583879
westminster,e09000033,2019,1779.822947639
westminster,e09000033,2020,1465.174424409
westminster,e09000033,2021,1638.264784709
westminster,e09000033,2022,1597.295424451
westmorland and furness,e06000064,2005,2348.084047849
westmorland and furness,e06000064,2006,2340.398482194
westmorland and furness,e06000064,2007,2218.820218732
westmorland and furness,e06000064,2008,2231.845012136
westmorland and furness,e06000064,2009,1929.542700451
westmorland and furness,e06000064,2010,2149.0706312830002
westmorland and furness,e06000064,2011,1851.65821897
westmorland and furness,e06000064,2012,2022.283790538
westmorland and furness,e06000064,2013,1944.32886536
westmorland and furness,e06000064,2014,1764.200224261
westmorland and furness,e06000064,2015,1767.213978559
westmorland and furness,e06000064,2016,1663.150214326
westmorland and furness,e06000064,2017,1627.894061356
westmorland and furness,e06000064,2018,1605.8502587790001
westmorland and furness,e06000064,2019,1513.21822239
westmorland and furness,e06000064,2020,1334.666951397
westmorland and furness,e06000064,2021,1438.442203503
westmorland and furness,e06000064,2022,1341.274051457
wigan,e08000010,2005,1839.443940261
wigan,e08000010,2006,1841.179720523
wigan,e08000010,2007,1788.039670663
wigan,e08000010,2008,1758.603788482
wigan,e08000010,2009,1601.854229606
wigan,e08000010,2010,1688.544930134
wigan,e08000010,2011,1511.524682793
wigan,e08000010,2012,1590.74527259
wigan,e08000010,2013,1529.856933476
wigan,e08000010,2014,1370.954678596
wigan,e08000010,2015,1325.87110003
wigan,e08000010,2016,1231.422687202
wigan,e08000010,2017,1191.878588547
wigan,e08000010,2018,1190.966967111
wigan,e08000010,2019,1136.920566942
wigan,e08000010,2020,1057.964525443
wigan,e08000010,2021,1099.299860135
wigan,e08000010,2022,1010.3947799289999
wiltshire,e06000054,2005,3420.461886412
wiltshire,e06000054,2006,3481.6864538970003
wiltshire,e06000054,2007,3420.726795573
wiltshire,e06000054,2008,3398.472562857
wiltshire,e06000054,2009,3079.132524211
wiltshire,e06000054,2010,3271.939963142
wiltshire,e06000054,2011,2961.284953729
wiltshire,e06000054,2012,3063.224189823
wiltshire,e06000054,2013,2993.17143869
wiltshire,e06000054,2014,2757.391484062
wiltshire,e06000054,2015,2659.209109861
wiltshire,e06000054,2016,2551.197758101
wiltshire,e06000054,2017,2480.699284634
wiltshire,e06000054,2018,2468.229264389
wiltshire,e06000054,2019,2372.083750385
wiltshire,e06000054,2020,2093.450218181
wiltshire,e06000054,2021,2278.611532837
wiltshire,e06000054,2022,2157.840245193
winchester,e07000094,2005,928.341971834
winchester,e07000094,2006,912.182748602
winchester,e07000094,2007,905.040938441
winchester,e07000094,2008,907.304323253
winchester,e07000094,2009,846.014069489
winchester,e07000094,2010,873.788589525
winchester,e07000094,2011,804.021391227
winchester,e07000094,2012,841.931784539
winchester,e07000094,2013,811.569390745
winchester,e07000094,2014,749.529778783
winchester,e07000094,2015,716.370506653
winchester,e07000094,2016,681.2866772909999
winchester,e07000094,2017,658.02480715
winchester,e07000094,2018,656.027818394
winchester,e07000094,2019,617.519914172
winchester,e07000094,2020,545.330000044
winchester,e07000094,2021,578.316862249
winchester,e07000094,2022,555.152563257
windsor and maidenhead,e06000040,2005,1057.036199227
windsor and maidenhead,e06000040,2006,1049.97564016
windsor and maidenhead,e06000040,2007,1019.913046095
windsor and maidenhead,e06000040,2008,1023.7977755869999
windsor and maidenhead,e06000040,2009,947.4430173000001
windsor and maidenhead,e06000040,2010,991.472645659
windsor and maidenhead,e06000040,2011,906.92550996
windsor and maidenhead,e06000040,2012,953.760830565
windsor and maidenhead,e06000040,2013,906.487396648
windsor and maidenhead,e06000040,2014,815.772196904
windsor and maidenhead,e06000040,2015,783.198134256
windsor and maidenhead,e06000040,2016,742.257754201
windsor and maidenhead,e06000040,2017,707.670489464
windsor and maidenhead,e06000040,2018,705.714459826
windsor and maidenhead,e06000040,2019,653.820529523
windsor and maidenhead,e06000040,2020,580.155389732
windsor and maidenhead,e06000040,2021,615.5508953899999
windsor and maidenhead,e06000040,2022,574.7181893530001
wirral,e08000015,2005,1877.536692689
wirral,e08000015,2006,1849.318629473
wirral,e08000015,2007,1809.622135605
wirral,e08000015,2008,1747.235351436
wirral,e08000015,2009,1562.159643942
wirral,e08000015,2010,1639.901068629
wirral,e08000015,2011,1437.237121049
wirral,e08000015,2012,1539.912178826
wirral,e08000015,2013,1508.47466239
wirral,e08000015,2014,1321.084388107
wirral,e08000015,2015,1298.555113866
wirral,e08000015,2016,1245.268455306
wirral,e08000015,2017,1182.655797731
wirral,e08000015,2018,1186.61634078
wirral,e08000015,2019,1131.91169229
wirral,e08000015,2020,1029.522825264
wirral,e08000015,2021,1049.567118665
wirral,e08000015,2022,951.299464758
woking,e07000217,2005,605.324433393
woking,e07000217,2006,604.620599175
woking,e07000217,2007,592.925405997
woking,e07000217,2008,582.29120848
woking,e07000217,2009,541.927874157
woking,e07000217,2010,577.871295099
woking,e07000217,2011,542.654175293
woking,e07000217,2012,581.731421507
woking,e07000217,2013,569.783370607
woking,e07000217,2014,512.098089187
woking,e07000217,2015,488.089035725
woking,e07000217,2016,452.71486779500003
woking,e07000217,2017,420.319241431
woking,e07000217,2018,402.047033988
woking,e07000217,2019,381.790241219
woking,e07000217,2020,338.667947525
woking,e07000217,2021,350.001597242
woking,e07000217,2022,324.553170743
wokingham,e06000041,2005,925.696646976
wokingham,e06000041,2006,944.34211734
wokingham,e06000041,2007,931.524880154
wokingham,e06000041,2008,913.5066415370001
wokingham,e06000041,2009,847.972245829
wokingham,e06000041,2010,877.110798084
wokingham,e06000041,2011,803.389236265
wokingham,e06000041,2012,858.974111287
wokingham,e06000041,2013,823.765633073
wokingham,e06000041,2014,736.208497625
wokingham,e06000041,2015,701.961368271
wokingham,e06000041,2016,663.0871077209999
wokingham,e06000041,2017,633.43225166
wokingham,e06000041,2018,623.50170828
wokingham,e06000041,2019,596.213018231
wokingham,e06000041,2020,540.3676081
wokingham,e06000041,2021,570.607508529
wokingham,e06000041,2022,532.032647159
wolverhampton,e08000031,2005,1649.947512184
wolverhampton,e08000031,2006,1603.374926787
wolverhampton,e08000031,2007,1542.904320832
wolverhampton,e08000031,2008,1492.632521857
wolverhampton,e08000031,2009,1349.089439909
wolverhampton,e08000031,2010,1411.257969194
wolverhampton,e08000031,2011,1317.136744227
wolverhampton,e08000031,2012,1347.120035146
wolverhampton,e08000031,2013,1316.24394972
wolverhampton,e08000031,2014,1177.807034553
wolverhampton,e08000031,2015,1146.563383964
wolverhampton,e08000031,2016,1062.499549284
wolverhampton,e08000031,2017,1019.57434707
wolverhampton,e08000031,2018,995.587186749
wolverhampton,e08000031,2019,940.480559329
wolverhampton,e08000031,2020,863.965660288
wolverhampton,e08000031,2021,922.54390313
wolverhampton,e08000031,2022,847.815290883
worcester,e07000237,2005,618.426238806
worcester,e07000237,2006,593.111105226
worcester,e07000237,2007,566.873878973
worcester,e07000237,2008,544.743962329
worcester,e07000237,2009,500.871205217
worcester,e07000237,2010,526.226826564
worcester,e07000237,2011,492.922406053
worcester,e07000237,2012,508.254490363
worcester,e07000237,2013,492.449795163
worcester,e07000237,2014,435.960980603
worcester,e07000237,2015,417.826465704
worcester,e07000237,2016,388.28469651
worcester,e07000237,2017,370.91009671
worcester,e07000237,2018,362.463839272
worcester,e07000237,2019,337.113234859
worcester,e07000237,2020,302.054051358
worcester,e07000237,2021,327.58407625399997
worcester,e07000237,2022,301.707805998
worthing,e07000229,2005,571.920505726
worthing,e07000229,2006,574.248442133
worthing,e07000229,2007,558.411369183
worthing,e07000229,2008,544.551141464
worthing,e07000229,2009,494.604117159
worthing,e07000229,2010,511.260617614
worthing,e07000229,2011,470.37940774000003
worthing,e07000229,2012,479.313318204
worthing,e07000229,2013,461.212934028
worthing,e07000229,2014,407.899824165
worthing,e07000229,2015,387.859160556
worthing,e07000229,2016,366.80877208100003
worthing,e07000229,2017,348.291985863
worthing,e07000229,2018,342.13326846399997
worthing,e07000229,2019,317.679685991
worthing,e07000229,2020,288.103659361
worthing,e07000229,2021,292.501227503
worthing,e07000229,2022,269.690397035
wychavon,e07000238,2005,994.9966682730001
wychavon,e07000238,2006,1045.393548141
wychavon,e07000238,2007,990.434026039
wychavon,e07000238,2008,994.891691765
wychavon,e07000238,2009,914.0033103000001
wychavon,e07000238,2010,953.161864616
wychavon,e07000238,2011,851.269160624
wychavon,e07000238,2012,861.415710772
wychavon,e07000238,2013,868.387826117
wychavon,e07000238,2014,800.8882580960001
wychavon,e07000238,2015,795.108201036
wychavon,e07000238,2016,768.506697523
wychavon,e07000238,2017,750.033109213
wychavon,e07000238,2018,760.021838861
wychavon,e07000238,2019,720.4293095
wychavon,e07000238,2020,654.199235705
wychavon,e07000238,2021,730.849662133
wychavon,e07000238,2022,681.547032363
wyre,e07000128,2005,715.837847106
wyre,e07000128,2006,745.080864757
wyre,e07000128,2007,747.434281339
wyre,e07000128,2008,721.0408605
wyre,e07000128,2009,662.776757661
wyre,e07000128,2010,700.00677431
wyre,e07000128,2011,611.5139306780001
wyre,e07000128,2012,677.782035221
wyre,e07000128,2013,655.053974456
wyre,e07000128,2014,594.809631263
wyre,e07000128,2015,593.387003847
wyre,e07000128,2016,549.87132312
wyre,e07000128,2017,532.840062422
wyre,e07000128,2018,534.223753716
wyre,e07000128,2019,505.164444903
wyre,e07000128,2020,468.783814087
wyre,e07000128,2021,498.049238777
wyre,e07000128,2022,454.375001355
wyre forest,e07000239,2005,638.709137636
wyre forest,e07000239,2006,642.273543632
wyre forest,e07000239,2007,628.916391642
wyre forest,e07000239,2008,605.92890359
wyre forest,e07000239,2009,529.814964685
wyre forest,e07000239,2010,558.860277411
wyre forest,e07000239,2011,523.951257241
wyre forest,e07000239,2012,537.655126954
wyre forest,e07000239,2013,526.792785824
wyre forest,e07000239,2014,480.586996848
wyre forest,e07000239,2015,460.279902866
wyre forest,e07000239,2016,436.510845516
wyre forest,e07000239,2017,423.455447275
wyre forest,e07000239,2018,409.716662223
wyre forest,e07000239,2019,393.274405971
wyre forest,e07000239,2020,343.938382961
wyre forest,e07000239,2021,368.396673915
wyre forest,e07000239,2022,345.303262032
york,e06000014,2005,1345.063858998
york,e06000014,2006,1334.616860307
york,e06000014,2007,1225.295376646
york,e06000014,2008,1199.66052966
york,e06000014,2009,1105.494674941
york,e06000014,2010,1173.15442403
york,e06000014,2011,1068.848855615
york,e06000014,2012,1108.55627921
york,e06000014,2013,1091.947143356
york,e06000014,2014,994.623178593
york,e06000014,2015,963.611333828
york,e06000014,2016,921.860099974
york,e06000014,2017,879.692471921
york,e06000014,2018,876.701725298
york,e06000014,2019,840.64494669
york,e06000014,2020,733.843929785
york,e06000014,2021,778.832160316
york,e06000014,2022,721.2884412870001
